Input details:
Max number: 1000
Number of subsets: 500
Max subset size: 100

Running 1000 trials

Freq of cover trial covers: Counter({1: 1000})
Freq of cover trial weights: Counter({1: 962, 2: 19})

Best cover has 156 items and weight 69243

Best cover contents as indexes: 
[3, 6, 8, 11, 14, 25, 34, 36, 41, 44, 52, 54, 59, 62, 64, 66, 68, 71, 73, 76, 79, 83, 85, 87, 90, 94, 96, 98, 101, 103, 106, 108, 110, 113, 116, 120, 123, 125, 129, 132, 136, 139, 145, 147, 151, 153, 157, 162, 166, 170, 173, 175, 178, 182, 185, 189, 191, 193, 198, 200, 202, 205, 208, 213, 216, 219, 223, 225, 234, 237, 241, 245, 247, 251, 254, 257, 259, 262, 264, 266, 268, 270, 274, 277, 279, 283, 289, 292, 294, 298, 300, 302, 304, 306, 311, 313, 315, 317, 319, 321, 326, 331, 337, 342, 344, 349, 351, 356, 364, 366, 368, 370, 372, 374, 381, 384, 387, 389, 391, 393, 397, 400, 404, 407, 412, 414, 416, 420, 422, 428, 430, 433, 437, 439, 442, 445, 448, 450, 453, 456, 459, 464, 468, 470, 472, 476, 483, 485, 489, 492, 495, 498, 1, 9, 12, 15, 20, 22, 24, 28, 33, 40, 46, 48, 50, 56, 58, 61, 65, 72, 75, 78, 84, 89, 95, 99, 107, 117, 124, 128, 131, 134, 144, 148, 150, 155, 158, 161, 171, 181, 184, 187, 190, 194, 196, 201, 207, 211, 214, 217, 226, 232, 236, 239, 244, 248, 252, 255, 258, 265, 272, 278, 282, 287, 299, 303, 309, 320, 324, 327, 333, 339, 341, 345, 347, 350, 354, 360, 362, 365, 371, 377, 379, 382, 385, 388, 394, 396, 401, 405, 408, 418, 421, 424, 426, 431, 434, 436, 440, 443, 446, 451, 454, 458, 461, 466, 469, 478, 490, 493, 496]

Input used attached below

1000
500
160 572 232 498 958 457
164
574 636 44 518 479 583 105 611 700 361 282 65 847 79 677 867 546 677 52 676 379 929 895 282 814 794 478 89 279 885 980 822 250 62 301 688 99 139 937 149 996 583 213 654 594 177 512 379 19 271 520 334
952
12 565 172 353 197 599 383 912 3 285 670 549 374 946 101 598 915 515 904 746 326 833 332 490 498 785 321 868 914 311 250 175 32 437 758 102 293 517 787 210 512 935 757 635 866 196 646 83 678 228 900 599 482 214 505 689 358 857 212 952 873 557 648 284 150 723 54 544 333 306 324 194
318
560 179 584 3 239 977 941 407 666 474 445 28 306 100 59 110 377 28 714 89 192 17 893 519 258 373 467 768 803 701 240 23 701 636 580 19 988 420 381 550 163 920 193 126 210 882 26 386 657 767 479 16 208 256 804 717 258 587 620 742 717 861 599 804 542 930 276 254 891 410 640 341 732
211
322 421 289 791 410 885 96 405 472 30 232 808 785 132 84 88 527 546 145 255 433 152 764 787 160 548 889 90 565 479
269
539 313 853 54 449 876 880 490 15 863 418 687 269 861 901 612 306 100 722 865 900 52 902 51 630 529 547 595 535 537 127 221 766 715 63 236 571 489 240 803 975 91 905 722 665 492 633 830 746 745 354 477 770 950 91 884 559 549 929 624 759 11 570 327 608 634 348 993 622 290 101 186 392 672 569 844 69 451 736 241 840 119 821 860 114 89 601 102 250 618 214 903 344
380
657 267 149 876 972 428 495 130 364 363 390 694 484 581 767 871 362 20 157 808 427 929 135 87 519 160 305 2 415 438 793 885 862 888 598 997 321 838 678 975 899 204 19 674 624 641 893 658 626 443 235 107 462 744 465 446 307 472 247 167 942 579 919 710 573 1000 740 72 316 790 55 944 603 784 118 593 570 384 966 724 50 855 908 730 291 330 323 822 961 413 810 409
173
148 382 619 163 138 439 550 31 596 129 297 883 477 910 438 947 151 553 697 355 78 655 108 678 764 196 380 54 511 688 506 374 693 963 772 642 771 136 460 463 535 380 722 814 40 225 783 146 49 51 892 320 555 345 303 371 151 728 48 545 928 374 323 439 397 113 500 415 653 947 58 159 583 733 951 718 273 22 854 833 622
55
616 183 348 252 205 472 916 313 108 169 100 782 888 951 799 757 854 865 164 117 599 535 350 744 131 289 482 728 209 576 169 610 331 461 436 191 853 471 997 704 841 846 559 205 278 248 329 15 504 801 530 868 546 394 201 211 621 120 674 301 754 284 858 304 312 576 343 750 495 943
964
155 351
440
105 96 384 528 269 902 133 911 1000 87 299 413 486 366 481 528 437 121 671 778 610 841 125 110 837 820 903 569 367 295 881 287 993 47 106 8 654 87 344 657 967 456 982 847 54 141 96 574 299 620 685 554 741 453 849 928 345 551 662 695 108 654 542 380 201 683 493 279 792 351 23 476 260 440 443 367
107
611 973 265 152 397 873 868 746 283 148 165 270 922 834 507 894 747 480 606 860 472 31 264 746 337 428 394 168 857 426 788 208 769 556 136
829
216 500 68 395 397 946 209 920 231 879 446 253 893 635 111 550 429 83 557 346 665 285 364 997 726 760 776 597 746 777 91 297 639 512 230 77
485
538 262 966 594 247 912 67 705 712 712 700 445 783 532 665 999 407 974 341 210 79 56 924 197 408 832 240 883 895 455 383 977 507 828 753 162 273 603 258 768 8 396 423 810 369 245 637 174 947 578 347 345 894 980 878 443 806 678 520 982 683 337 381 385 951 333 540 342 10 287 39 721 74 206 63 772 336 967 146 841 507 155 397 93 109 192 918 617 174 144 980 27 409
790
165 638 817 291 741 129 13 773 288 538 37 272 921 554 893 677 703 762 953 948 324 784 945 565 429 143 598 492
607
230 531 220 311 561 935 251 505 700 401 286 525 262 368 649 961 439 624 819 775 95 339 336 6 232 926 363 775 877 509 152 238 929 822 314 40 582 919
445
431 871 480 860 378 296 332 409 867 35 999 178 819 329 47 777 990 746 416 861 328 122 564 586 324 3 530 276 10 237 249 952 675 629 141 455 241 398 748 329 807 495 380 406 748 104 960 808 7 773 568 54 109
934
132 579 559 907 705 247 614 596 58 705 950 680 195 958 723 875 547
884
108 356 692 186 402 747 778 260 232
636
457 243 41 916 89 281 987 590 383 617 441 815 80 183 900
476
365 177 587 199 887 39 16 872 630 460 165 715 484 182 482 809 641 543 421 615 448 643 912 434
13
241 804 426 239 296 523 458 806 611 787 456 928 142 713 490 487
332
2 599 465 370 606 717 61 756 352 902 418 659 623 754 298 406 325 979 322 646 770 540 319 537 984 815 265 979 349 989 39
540
616 456 892 530 336 139 524 247 588 738 24 564 854 350 829 230 311 941 910 279 758 78 525 376 768 328 970
396
861 471 931 321 778 817 151 592 924 628 287 657 968 283 549 320 896 618 506 614 130 560 968 771 709 390 746 434 252 332 157 129 695 849 248 232 659 54 645 826 785 381 469 678 683 195 678 303 289 74 390 168 485 477 892 302 887 471 735 275 89 255 327 91 875 733 260 607 428 947 977 556 273 983 346 971 617 513 474 940 406 289 273 395 471 812 266 733 324 159
952
272 350 576 367 195 391 35 791 793 346 979 48 482 321 680 897 306 369 581 830 246 132 543 869 510 106 112 579 590 106 912 991 297 882 845 610 568 816 850 703 103 291 918 452 465 315 685 514 325 375 999 473 968 506 315 770 514 967 965 575 212 215 534 125 837 801 461 235 146
574
575 398 495 229 387 760 485 273 794 214 7 914 544 304 857 992 243 108 791 827 902 719 819 405 905 200 529 35 877 806 474 614 824 333 956 515 991 139 454 51 537 723 790 378 332 479 166 580 884 896 734 772 273 554 618 453 302 85 56 912 560 377 824 654 859
183
433 740 343 995 334 175 928 756 648 209 440 529 687 551 779 40 22 281 46 966 792 410 712 472 921 944 356 54 394 224 327 549 266 222 442 681 951 504 390 361 245 836 737 485 604 910 746 286 705 279 276 269 813 377 242 462 507 676 527 39 133 8
462
914 409 217 959 351 119 432 62 362 512 557 948 373 728 233 274 9 955 210 323 190 830 916 908 178 107 348 759 956 701 797 230 605 49 392 751 499 868 292 769 759 817 248 21 824 178 578 639 522 737 82 192 40
615
70 909 994 509 162 534 898 437 132 14 650 583 113 886 169 983 795 537 127 636 301 5 770 568 927 258 632 243 159 202 730 941 896 967 767 894 428 747 406 924 416 717 389 843 618 450 416 535 769 738 4 828
402
51 274 779 188 693 30 238 4 288 984 342 962 242 239 211 848 51 159 497 152 244 395 847 323 854 774 896 396 8 695 498 113 55 167 145 130 192 257 602 510 227 950 941 117 456 806 637 512 550 746 849 885 406
110
272 327 645 665 817 541
734
694 394 196 569 257 6 398 748 259 584 717 575 213 824 843 481 995 257 391 705 929 674 709 46 336 291 944 931 219 878 981 561 983 597 795 622 393 361 218 367 911 549 942 742 151 861 548 528 643 477 869 193 326 434 542 296 790 756 888 262 550 106 59 695 613 757 857 552 690 281 565 403 673 624 887 704 531 891 33 266 560 881 654 656 30 332 677 175 601 904 198 767 857
430
279 72 874
945
77 549 78 482 492 408 399 304 530 952 725 605 285 576 303 567 38 227 989 803 838 312 949 800 365 462 799 822 151 428 502 419 777 138 528 483 438 168 565 962 624 839 179 454 42 53 8 990 219 115 688 886 210 654 414 381 165 7 278 370 255 151 49 636 878 180 226
943
805 506 318 243 136 951 719 111 922 241 620 905 5 502 258 26 619 167 790 822 32 713 459 466 359 331 220 316 567 646 367 351 885 294 896 892 192 214 384 148 55 37 760 980 889 588 589 143 294 330 632 457 153 544 422 760 273 752 488 984 691 755 139 408 499 808
440
252 800 863 324 229 610 341 401 144 248 40 294 562 172 983 270 625 584 995 921 930 403 819 62 469 237 648 576 648 21 744 41 936 112 13 405 468 816 842 541 181 836 637 818 766 628 45 299 747 280 712 773 420 732 747 822 249 541 411 858 914 874 530 354 790 396 979 141 79 9 206 244 260 31 480 681 724 242 185 551 986 630 291 445 757 856 653 307 722 25 587 456 265 949 66 662 21 273 799
362
543 484 81 106 665 333 44 252 290 370 114 295 146 69 429 233 668 440
30
886 876 830 623 190 612 871 183 692 335 672 501 403 499 850 537 732 995 121 408 377 415 675 165 33 614 678 843 787 95 738 867 18 762 347 205 183 516 327 938 804 938 375 78 473 988 646 508 282 815 251 869 459 145 749 424 801 785 625 249 945 420 883 662 835 502 516 560 873 612 705 121 685
371
96 831 82 232 436 13 787 664 241 540 876 944 695 620 688 573 973 2 22 791 104 16 326 100 748 85 989 516 825 768 28 357 571 536 518
416
64 960 54 502 976
203
260 845 5 754 640 876 239 780 599 904 64 415 919 192 229 943 533 606 504 599 824 763 288 519 706 191 449 108 653 112
209
819 184 461 668 253 105 605 319 186 669 45 557 844 525 477 715 791 986 227 200
268
516 347 766 725 686 817 314 821 160 917 53 502 745 244 247 74 956 652 860 865 681 622 164 992 761 403 624 268 424 234 650 767 154 620 871 549 699 844 649 715 308 335 390 795 287 25 200 323 714 292 540 449 526 358 317 7 909 216 465 549 114 708 16 476 547 665 973 172 312 438 390 465 564 35 596 856 521 494 780 13 328 274 592 936 321 312 974 321 752 902 172 265 118 657 761 556
3
640 121 376 509 464 137 566 888 431 661 253 401 577 615 129 618 483 357 9 703 325 706 311 756 610 461 733 860 997 576 709 891 736 193 182 243 918 160 546 89 292 82 891 696 383 300 920
449
923 520 967 91 447 133 718 736 366 97 570 591 919 278 149 506 206 656 259 273 656 44 411 532 730 149 61 243 408 79 118 477 846 64 574 656 830 588 84 365 134 27 344 930 667 100 679 902 329 609 832 953 723 416 750 301 812 278 263 864 115 99 806 227 474 412 919 651 670 867 713 183 30 185 56 112 435
787
108 569 176 877 973 587 422 911 536 875 144 30 990 311 949 320 438 547 61 57 513 738 589 271 465 396 551 296 683 499 284 967 12 40 808 722
276
606 229 723 122 311 485 503 707 333 730 722 113 914 327 582 494 784 542 24 248 292 164 853 450 26 180 184 76 542 216 589 399 475 616 492 811 641 277 736 84 900 953 63 34 571 76 252 929 99 408 913 451 790 921 144 353 985 770 978 610 910 594 353 541 154 158 773 700 539 525 397 91 865 292 129 675 419
146
801 701 175 569 262 984 246 427 570 484 676 145 328 365 170 718 640 61 271 249 397 814 640 35 155 102 161
554
671 102 940 427 103 942 434 871 821 511 349 189 841 559 593 916 341 99 166 399 544 804 719 874 423 616 794 823 543 637 307 33 181 369 494 393 965
392
380 455 402 89 503 140 7 893 687 296 562 789 196 250 497 968 712 374 989 686 544 760 170 102 14 878 682 406 826 198 489 717 423 941 250 608 422 299 132 435 154 349 884 771 27 708 148 355 379 372 100 160 893 483 821 150 270 937 392 536 707 379 722 824 766 150 560 289 688 983 30 511 611 891 650 420 622 91 912 6 459 789 279 951 770
767
930 440 828 665 945 784 852 249 678 36 223 747 730 755 382 177 323 175 258 45 918 302 441 650 811 788 300 951 587 611 460 152 795 787 384 967 226 629 278 129 419 506 159 43 136 838 203 19 450 701 588 814 827 559 592 933 739 785 35 537 760 664 166 916 539 843 273 764 76 918 715 260 476 1000 882 367
243
706 723 338 666 662 593 104 261 925 392 821 459 203 735 185 447 122 477 341
238
148 118 314 286 601 957 742 7 473 623 498 737 384 832 443 438 338 307 244 194 786 496 500 824 412 994 271 563 388 57 841 797 173 827 417 54 697 600 440 20 294 693 5 132 147 556 327 236 771 657 965 111 439 428 991 976 876 118 253 172 180 29 215 833 47 422 613 125 274 148 212 184 982 90 517 834 862 859 594 874 118 787 593 128 256 854 577 832 832
990
461 783 170 803 482 896 379 824 680 72 363 918 297 211 491 573 798 434 28 517 437 913 790 574 952 92 366 780 433 108 480 845 44 466 601 131 19 90 936 612 277 478 410 713 691 328 721 101 606 1000 17 182
611
627 653 180 478 620 339 9 229 943 475 594 512 103 321 778 108 818 765 119 52 925 278 843 344 466 345 490 973 100 125 6 362 334 878 989 873 455 417 606 357 405 634 264 502 508 455 532 429 442 47 929 209 677 798 684 870 191 353 727 238 962 362 478 239 69 662 107 599 872 197 809 75 150 801 303 296 434 505 46 28 247 379 788 972 772
474
975 843 117 854 813 591 882 924 143 239 421 156 413 362 645 398 138 603 530 337 122 509 113 1000 102 228 398 427 152 351 62 654 213 540 999 853 770 500 221 146 220 174 451 155 730 144 65 148 282 81 632 877 183 789 272 749
468
686 747 248
789
41 577 850 1000 537 604 334 272 270 249 657 760 367 814 986 776 280 555 224 896 915 187 715 314 876
438
720 469 842 216 922 471 800 821 838 737 881 910 58 181 407 338 542 967 540 374 683 776 35 942 168 248 153 244 124 361 945 784 811 762 542 736 714 874 372 430 117 966 728 223 86 891 463 491 787 661 616 867 996 859 645 931 906 629 10 258 800 881 114 735 327 769 832 651 346 825 783 137 557
861
87 534 854 58 983 208 937 421 386 147 288 842 419 43 165 781 816 821 571 867 597 192 740 98 884 260 624 328 514 398 205 714 994 268 88 843 316 3 150 819 73 870 210 318 495 23 729 245
477
183 858 544 268 2 378 481 389 607 13 919 379 165 213 603 291 166 325 106 447 201 476 965 386 84 658 47 834 720 386 608 896 900 373 878 305 86 7 710 659 606 86 698 452 533 442 566 479 105 704 220 549 501 576 497 197 823 824 70 931 900 303 421 511 44 382 257 609 717 893 448 99 737 812 375 647 731 582 770 349 786 229 301 330 457 943 195 159 339 219 958 481 384 375 5
74
66 344 608 375 330 300 960 345 217 858 818 672 42 863 960 133 951 891 669 485 342 835 37 236 278 429 311 998
92
972 289
303
918 390 206 998 860 447 907 244 210 371 369 399 460 630 583 656 190 907
529
808 527
261
228 206 142 783 463 762 452 405 660 507 8 328 15 265 209 662 763 172 259 157 227 853 112 901 600 38 836 740 839 305 435 422 41 709 973 315 593 27 359 207 802 494 727 733 632 33 515 263 16 147 967 423 194 952 936 841 581 993 786
102
797 523 786 869 289 288 647 903 571 82 342 271 986 122 562 302 673 684 151 319 698 1 508 827 525 888 296 959 429 139 970 82 343 646 855 916 552 91 430 533 474 360 521 148 527 595 113 140 568 178 335 732 231 230 364 897 474 721 237 288 605 809 234 124 362 762 457 653 133 82 97 864 903 367 369 145 289 578 279 993 457 728 352 863 268 192 340 285 446 913 450 738 360
252
977 950 55 59 323 586 539 935 73 517 264 355 340 123 779 85 728 267 718 328 560 416 733 569
906
347 538 647 208 790 869 715
531
43 428 423 235 310 132 439 782 668 16 850 769 69 754 35 430 270 652 117 330 417 460 282 908 936 291 577 920 158 7 879 534 340 708 625 545 744 76 832 147 425 29 681 915 663 333 24 492 594 540 128 919 327 481 98 100 927 774 926 528 288 592 788 202 520 784
447
193 804 197 813 482 557 333 796 369 913 73 390 938 120 851 416 25 187 376 7 414 643 981 678 18 867 963 497 313 254 102 673 322 88 169 381 362 231 529 590 697 245 263 335 959 703 933 386 951 48 670 170 998 703 663 714 603 586 919 288 974 723 55 440 678 898 825 333 396 239 144 473 727 81 57 999 574
115
203 647 481 221 590 513 371 133 894 382 258 588 504 504 445 724 391 527 414 992 617 711 522 20 644 248 710 672 156 931 709 277 62 176 4 102 332 190 532 782 894 633 635 918 167 768
114
67 371 462 709 489 206 146 527 370 655 927 54 27 580 204 38 919 795 154 61 637 952 702 433 550 100 324 248 268 531 622 416 956 742 247 980 244 573 151 920 822 468 219 736 662 615 544 387 684 635 194 245 734 856 104 990 110
530
846 622 788 696 873 568 504 816 644 420 73 400 31 468 938 430 201 511 334 335 427 863 57 784 694 303 328 421 999 702 147 798 929 940 467 933 282 576 679 917 771 543 866 8 97 465 225 673 993 903 62 788 774 564 117 357 910 338 147 670 8 611 375 141 565 94 740 947 576 163 310 340 962 473 475 303 511 509 789 253 876 385 390 759 44 73
345
80 399 168 647 582
545
146 574 928 310 785 801 987 149 614 976 52
202
478 794 393 555 377 280 924 235 702 718 301 322
486
94 319 515 785 841 312 814 158 120 81
17
135 531 989 281 948 296 821 864 591 705 983 184 411 688 163 733 959 616 509 934 894 626 929 40 744 460 451 189 705 708 195 839 393 226 731 548 695 494 906 14 981 110 267 306 790 915 715 753 945 170 780 174 570 689 467
279
272 221 152 45 837 595 71 989 690 82 692 966 888 254 714 402 559 251 703 117 273 74 866 457 631 614 664 744 241 284 818 513 855 541 794 830 409 736 730 475 112 743 242 344 828 117 645 954 701 189 446 137 580 183 119 261 379
918
366 221 308 35 768 487 290 390 229 378 351 65 180 653 34 12 434 710 259 714 309 408 437 604 99 260 977 602 194 737 86 451 890 849 225 744 385 944 320 288 909 675 667 492 471 843 293 255 806 533 593 57 703 751 103 290 348 730 326 738 157 630 826 682 437 45 843 606 198 847
815
337 117 424 742 413 901 13 230 423 242 731 167 576 997 139 903 153 594 197 238 274 957 1000 538 48 642 74 479 945 2 632 647 153 39 453 468 599 774 278 403 30 593 663 1000 459 947 568 482 224 515 351 705 712 139 240 575 272 37 563 48 684 52 997 661 76 778 566 930 460 294 603 993 406 838
292
506 102 372 942 501 457 888 321 511 952
286
17 196 366 511 59 528 319 17 561 852 205 207 934 386 67 425 874 110 301 182 957 762 357 89 641 15 130 213 207 866 709 727 281 279 990
950
198 560 726 718 179 902 475 65 516 27 980 153 898 235 835 762 461 208 125 319 207 676 840 727 642 79 915 362 263 206 671 994 96 744 848 705 396 594 438 46 973 383 726 699 41 611 858
482
25 279 288 792 773 72 414 410 125 193 287 653 787 683 192 854 697 900 240 134 926 221 924 541 6 730 30 592 888 78 229 30 303 377 789 312 191 487 846 845 244 937 189 55 769
739
986 394 101 244 588 447 994 481 970 285 825 559 394 122 363 971 136 113 955 164 543 587 801 284 271 856 795 514 602 124 220 646 567 179 573 364 796 955 661 837 151 703 218 261 303 988 524 641 979 91 614 27 484 216 724
93
935 730 382 424 2 988 108 962 632 871 368 414 801 898 836 119 715 986 871 362 148 92 177 151 360 806 956 976 778 164 214
118
820 104 375 618 81 692 834 576 491 831 96 216 875 665 994 644 294 168 862 309 903 251 358 815 940 971 746 310 236 365 626 716 140 356 101 742 90 190 190 675 851 341 482 360 401 323 234 660 270 240 456 464 6 99 525 66 522 64 535 783 751 737 525 216 660 283 304 568 23 190 728 789 585 327 847 550
822
26 276 47 859 581 420 184 728 104 336 408 571 7 697 686 686 594 660 100 175 862 632 901 457 477 230 516 595 3 73 843 432 455 794 902 930 296 324 223 21 143 802 350 894 145 749 613 220 231 372 979 842 982 579 447 219
412
961 471 180 682 11 922 578 142 132 186 582 168 695 866 290 326 205 603 803 408 778 246 199 67 509 142 157 168 89
891
533 275 140 692 580 403 137 192 689 226 210 195 381 918 229 840 464 332 840 654 991 37 50 83 185 871 403 194 855 401 299 389 202 763 325
413
494 518 269 227 296 728 865 603 330 160 233 790 251 594 519 12 590 699 668 543 349 582 531 324 767 258 842 153 556 693 901 91 236 935 241 18 52 74 839 99 378 530 608 131 984 954 34 185 548 194
833
898 977 251 801 737 875 676 368 867 51 527 791 159 426 390 892 80 26 899 624 147 537 339 118 8 848 307 259 202 322 377 311 758 134 212 376 361 785 521 649 712 747 643 935 650 909 24 697 772 231 537 707 761 586 71 988 451 710 705 775 418 193 574 37 337 471 111 791 480 587 266 539 297 307 531 771
336
975 195 363 719 3 182 172 360 676 373 853 409 848 854 322 24 501 844 99 676 131 979 239 83 404 875 869 563 393 604 571 762 565 332 12 785 272 162 38 133 426 632 700 942 523
505
159 292 460 916 121 515 917 693 861 106 279 869 362 911 629 605 12 883 652 812 520 565 976 361
482
142 587 424 332 78 637 963 41 670 995 311 216 383 442 302 956 431 274 785 159 228 689 701 132 989 340 472 664 989 554 552 916 595 360 988 961 729 323 623 798 44 241 180 807 736 605 137 800 251 661 12 117 811 84 774 171 523 783 391 313 460 619 352 639 607 879 311 476 304 583 586 838 527 410 895 651 880 813 885 43 182 38 108
43
899 711 405 924 480 947 54 278 232 498 261 153 907 599 992 326 92 270 119
511
478 476 448 656 899 524 415 159 998 27 594 106 569 694 590 460 79 480 524 657 751 475 45 173 193 849 143 681 478 681 195 489 987 650 995 945 106 752 329 771 50 67 731 42 635 126 652 868 759
923
515 45 90 143 499 971
776
289 938 429 116 352 686 320 61 214 670 873 152 329 432 891 389 797 497 950 518 194 417 630 395 80 38 918 320 97 265 618 317 65 644 789 506 794 383 171 169 653 176 672 60 660 741 611 311 291 844 520 31 820 947 550 115 965 367 890 439 498 847 341 690 970 59 480 263 547 251 816 573 450 715 664 486 154 625 364 500 714 212 318
534
461 977 589 59 15 658 632 18 680 794 992 600 872 468 908 836 80 931 224 278 302 127 819 927 832 199 505 29 356 96 492 672 827 204 489 940 438 978 783 327 45 113 776 359 479 488 705 554 73 272 673 699 507 829 893 467 871 933 754 97 330 504 764 970 309 197 272 377 522 837 537 620 47 863 517 521 100 935 291 123 892 177 58 444 840 610 194 300 871 96 861 422 969 450 488 286 488 213 753 469
909
706 190 617 246 662 206 674 597 979 36 470 72 156 2 608 704 929 714 484 108 657 343 691 738 975 542 560 37 229 172 99 190 90 762 549 919 706 8 771 553 517 398 173 635 209 145 571 212 834 279 234 252 74 998 580 704 795 533 436 310 203 86 20 722 319 717 971 508 185 348 485 986 903 695 231 270 904 488 511 125 935 768 21 174
926
937 256 369 609 533 674 990 511 976 132 597 804 667 618 720 201 725 730 529 209 482 87 123 123 265 946 630 786 231 602 736 715 91
575
111 340 325 78 692 919 832 965 663 268 174 43 191 576 535 437 99 158 113 746 334 994 323 68 472 119 893 419
260
119 808 867 553 212 561 83 473 30 452 635 393 44 190 808 631 386 708 461 865 592 623 590 679 554 614 78 44 624 408 659 17 469 788 829
957
587 440 237 838 940 509 470
220
277 38 718 614 306 242 50 392 977 139 447 383 832 998 736 119 824 888 597 766 103 896 804 273 158 560 45 513 615 222 927 975 803 13 431 955 637 973 914 237 663 150 700 162 91 809 691 604 604 535 237 449 122 911 855 258 278 238 721 694 124 527 903
955
342 553 793 233 722 741 423 220 92 682 187 978 940 828 160 6 15 385 207 752 244 81 54 426 936 744 503 449 313 651 475
25
393 924 126 482
903
453 505 218 264 695 581 68 538 234 181 641 595 21 938 3 348 371 467 783 418 618 181 818 405 2 53 530 150 995 198 967 23 989 971 16 671 491 244 750 209 69 131 939 391 150 217 977
428
480 113 608 166 443 17 539 870 392 94 275 257 522 896 436 938 74 579 693 78 832 119 258 375 248 921 197 53 269 458 106 644 962 21 502 170 560 316 577 940 734 142 118 442 876 587 541 690 490 765 379 513 884 578 862 751 743 311 441 364 638 849 336 482 369 301 688 197 439 473
850
432 35 188 110 924 681 629 731 141 998 32 393 502 638 496 521 685 381 133 746 389 326 528 649 880 625 705 591 921 950 246 771 191 770 393 633 323 715 808 400 387 624 346 950 73 216 406 593 524 599 858 66 596 641 479 912 582 53 771 857 237 864 78
5
481 366 554 26 501 617 697 129 869 634 547 920 862 768 447 244 847 784 639 686 149 170 746 663 35 43 97 450 563 219 611 49 576 408 471 554 211 155 470 131 578 78 516 474 914 716 132 556 555 248 525 490 444 238 473 865 131 179 233 837 38 850 379 140 895 257 719 501 212 507 744 331 399 202 864 872 845 32 198 243 404 270 843 940 84 76 896 354 37 994 745 518 515 336
985
439 904 25 877 281 862 565 451 452 61 591 534 479 1000 239 311 323 803 645 256 551 666 671 287 913 1000 773 91
838
214 524 832 893 958 22 706 35 125 506 449 119 624 238 373 385 63 429 524 767 292 744 935 742 846 115 999 762 426 261 132 829 935 744 163 176 122 615 930 851 320 377 729 474
793
588 200 576 427 72 918 375 314 370 135 844 856 84 778 613 205 145 264 805 61 465 978 513 889 58 925 255 893 746 986 579 951 599 77 551 375 623 397 795 423 306 432 542 695 269 173 307 433 338 945 289 966 662 244
899
967 491 394 167 73 54 4 212 990 90 683 47 24 604 816 706 688 371 319 38 176 534 681 765 644 438 610 92
414
87 204 527 551 784 890 524 132 910 921 755 551 304 542 725 161 302 920 356 426 16 869 471 259 114 208 51 415 624 26 962 267 615 352 880 470 288 949 647 735 122 986 900 676 291 969 486 729 613 882 879 927 906 29
986
211 905 873 125 833 305 901 61 755 260 493 729 601 180 53 570 752 330 886 918 816 784 725 98 387 635 995 93 684 270 888 65 952
908
175 230 570 738 488 46 848 498 895 864 478 41 904 634 637 809
832
450 53 725 291 356 125 374 46 757 90 265 281 73 462 177 348 206 600 723 958 18 191 131 57 393 739 260 792 950 161 775 972 497 332 952 532 610 293 986 626
362
318 803 198 509 863 500 314 192 989 732 329 15 374 317 691 406 588 97 770 44 456 222 783 164 216 434 354 296 254 1 85 269 469 295 908 27 848 920 751 271 336 536 55 361
463
562 202 305 467 275 341 34 35 680 694 316 847 769 732 706 69 357 8 340 243 20 352 359 786 83 771 123 954 462 884 992 965 158 569 62 285 430 772 175 915 626 244 96 727 717 282 768 181 28 89 122 283 695 905 874 948 140 647 180 963 613 826 308 105
872
493 264 368 261 364 75 710 156 864 429 49 658 578 469 316 19 11 90 641 252 610 612 535 481 896 787 798 717 780 576 58 401 730 64 85 322 484 293 359 164 964 608
404
725 653 951 310 992 135 338 693 940 54 414 500 622 978 190 94 687 788 554 406 467 779 1 782 955 170 775 701 897 266 245 610 775 282 5 929 983 482 985 773 326 167 289 598 482 761 344 345 779 42 998 446 309 4 66 441 512 895 174 977 207 540 894 645 409 828 622 331 89 495 453 915 516 881 600 448 247 642 10 383 990 611 813 969
400
690 534 364 73 142 854 757 971 521 884 827 50 200 907 34 186 660 807 144 400 315 143 632 806 573 454 116 492 499 633 660 248 43 610 807 349 41 194 536 695 520 957 52 612 275 119 631 470 939 880 207 187 56 604 768 232 326 820 320 221 948 318 158 919 989 667 300 569 231 890 517 31 890 19 477 920 330 477 687 323 38 988 883 248 847 497 21 789 801 1 63 79 481 131 906 761 409
792
929 933 340 433 406 643 251 721 291 749 394 21 502 967 163 794 883 913 866 751 867 309 994 910 298 602 112 168 366 11 282 442 72 491 250 165 922 598 213 917 394 460 510 797 716 521 81 256 159 977 69 18 851 267 957 433 721 296 944 397 364 533 521 255 386 419 869 274 823 578 490 644 272 818 402 490 130 751 581 819 187 645 87 767 836 116 78 532 555 238 758 720 788 682 409
318
534 146 256 506 413 217 566 912 782 738 360 122 388 111 569 128 524 605 422 125 793 820 414 343 311 217 728 800 292 83 300 325 470 862 502 354 275 908 689 24 769 910 498 666 317 342 834 902 738 972 302 386 379 103 220 677 283 488 345 341 173 35 572 498 379 428 652 437 127 27 349 634
708
594 631 9 821 89 18 187 291 296 679 98 499 71 117 999 591 550 516 17 343 387 867 574 809 298 380 94 261 919 688 61 930 712 963 303 765 12 249 706 283 925 309 542 678 349 545 119 3 223 50 165 918 643 520 36 289 573 864 991 870 691 822 207 918 297 929 725 424 402 415 413 595 149 495 205 490 463 202 158 820 493 286 308
503
431 238 953 16 800 995 237 140 34 931 785 912 709 957 627 622 960 408 124 965 367 893 661 594 238 524 519 360 581 472 191 251 575 453 380 392 292 331 816 702 965 125 627 575 919 807 444 474 557 475 591 949 694
373
833 296 944 721 609 464 824 457 907 85 124 272 334 578 676 255 665 762 632 656 60 152 134 323 22 18 114 866 367 778 729 170 632 17 93 61 758 225 282 366 398
519
639 652 660 15 686 770 121 619 967 454 506 226 848 24 482 154 806 893 369 181 35 579 134 316 773 817 788 76 636 185 381 171 543 373 987 208 568 340 925 864 422 436 587 816 455 575 851 145 396 164 377 558 253 973 12 105 694 474 797 859 26 273 251 646 812 514 700 653 860 269 731 225 559 757 355 247 10 991 96 47 778
404
335 680 886 171 570 827 604 847 782 451 432 12 276
45
361 309 721 80 862 911 492 707 191 638 398 493 249 222 441 546 760 8 840 979 896 353 404 556 373 125 815 475 121 350 807 795 322 648 287 969 542 832 326 256 536 220 387 842 228 76 455 823 556 612 208 887 200 132 864 858 148 440 926 219 665 712 240 390 139 40 687 818 267 951 629 683 63 922 544
85
336 447 871 98 829 445 417 397 797 799 114 576 33 327 139 888 388 101 993 868 789 497 698 621 88 502 296 892 918 869 347 319 352 552 187 251 81 536 589 428 137 816 178 289 97 273 820 105 963 324 889 563 599 905 560 915 443 316 988 789 831 819 604 356 592 915 753 239 92 749 624 998 269 687 521 145 594 42 589 755 703 656 810 177 943 588 173 393 517 60 251 123 930
600
987 588 300 450 172 218 446 355 262 240 583 860 73 894 839 789 11 49 111 803 166 860 466 148 283 270 328 132 369 891 211 169 928 231 56 102 309 983 703 890 142 638
776
844 223 722 499 9 970 863 861 706 567 441 597 490 287 692 195 361 927 28 728 111 723 195 126 809 409 815 948 203 295 107 472 220 461 261 947 474 622 655 86 249 796 247 17 803 432 75 19 791 812 272 362 717 834 957 272 627 885 302 339 432 470 690 33 162 835 607 840 625 294 282 135 768 440 354 209 84 522 337 348 593 692 245 590 268 249 546 10 750 48 547
525
727 987 344 581 593 915 862 296 759 652 434 105 2 957 654 393 976 232 630 80 312 410 432 955 703 250 266 247 208 49 127 36 472 74 927 116 679 128 835 568 581 293 420 279 885 767 925 456 910 232 514 308 31 85 697 396 478 827 303 196 894 341 793 200 617 892 641 29 941 945 371 64 39 627 677 948 260 713 366 282 943 409 776 45 863 223 877 217 160 882 644 551 548 62 251 567 522
252
112 459 341 356 694 475 343 243 705 756 388 850 725 365 581 338 786 952 202 780 889 518 433 792 607 212 429 617 6 7 915 344 305 183 514 924 610 258 100 613 166 5 714 62 727 60 291
268
248 670 525 492 254 303 948 216 903 868 53 264 102 487 149 298 98 508 331 618 63 370 771 725 772 1000 575 220 768 366 645 897 963 667 158 801 962 65 692 292 212 388 917 647 677 900 225 733 874 665 290 106 576 936 830 484 391 184
361
463 414 206 881 948 16 445 483 385 279 754 754 4 987 459 636 281 968 594 43 228 821 611 740 73 856 722 700 817 374 989 968 345 317 637 571 782 710 566 674 883 111 748 485 470 933 881 610 561 832 967 364 12 823 801 970 635 490 195 448 730 892 279 827 856 961 539 23 788 716 283 535 137 208 756 424 131 450 613 719 735 404 174 831 90 679
309
937 927 51 266 18 300 265 668 293 873 51 717 349 624 646 670 85 884 701 170 435 75 576
962
223 944 57
904
319 161 802 764 317 97 477 302 247 421 354 942 77 584 127 657 495 385 773 563 463 70 148 251 121 727 765 870 546 50 812 978 262 436 561 623 734 625 798 111 751 480 311 734 148 453 63 681 863 467 473 718 289 879 345 930
244
738 765 587 50 212 385 687 839 35 344 568 623 950 975 159 218 309 332 180 847 750 547 358 641 711 248 651 450 426 409 988 511 676 400 520 105 364 451 475 616 800 431 104 59 595 185 351 862 389 291 8 236 473 337 475 303 973 354 80 576 776 40 248 481 329 244 756 547 75 342 122 410 403 236 925 69 103 856 595 437 673 231 683 198 989 663 693 728 21 849
528
563 813 89 428 175 730 722 693 732 716 782 80 79 598 908 584 675 228 955 922 577 840 273 887 572 549 494 777 804 155 505 62 934 732 692 547 915 41 307 711 88 227 941 883 794
900
342 503 185 181 976 858 866 246 120 371 980 687 403 76 345 494 450 716 341 150 27 353 865 722 427 596 179 694 827 379 701 137 178 5 878 210 602 988 872 906 550 612 681 261 609 441 645 664
358
478 823 764 73 414 768 666 661 16 717 511 746 542 373 935 465 51 22
937
647 315 893 173 308 89 951 767 221 289 355 882 516 27 632 637 500 395 194 725 45 962 887 249 727 798 437 386 39 539 458 857 938 153 755 223 121 125 129 197 817 176 473 693 867 868 40 440 765 874 443 169 758 315 107 732 187 177
348
801 896 587 517 192 850 144 842 808
412
447 276 659 241 268 910 714 64 132 294 11 849 246 543 85 378 17 582 818 87 579 187 868 988 668 286 64 470 165 304 345 1 926 945 636 426 794 626 477 37 50 701 661 394
523
180 629 100 405 950 259 169 763 752 968 513 176 567 494 885 317 601 977 823 462 920 503 297 738 615 547 892 668 586 272 673 997 895 798 341 696 975 19 4 127 69 305 843 357 183 557 263 123 757 570 16 409 268 17 242 922 196 286 317 549 360 951 257 899 473 221 103 657 11 5 354 997 531 692 869 157 27 452 842 847 371 437 620 344 692 947 597 86 253
370
753 722 619 120 166 852 418 968 458 475 824 792 347 255 490 872 888 313 407 732 615 126 221 251 256 512 879 600 843 749 99 180 14 499 839 854 919 201 965 976 576 859 725 669 290 741 492 365 33 916 858 993 618 340 498 12 7 860 233
225
842 907 236 798 270 323 698 752 521 477 94 543 199 506 861 7 247 332 731 468 338 705 875 143 418 724 479 175 201 383 197 646 486 78 565 932 333 460 952 52 486 1000 496 69 691 408 968 877
390
300 226 573 221 85 739 522 232 393 886 50 256 221 590 88 166 284 332 319 510 175 904 289 495 915 14 863 564 477 783 666 465 765 223 655 161 730 736 266 146 873 1000 754 102 658 760 813 315 149 398 220 855 978 988 709
320
486 515 315 973 508 843 572 650 498 577 536 873 219 169 162 346 191 522 407 640 542 525 798 183 269 310 715 423 916 739 172 494 726 230 137 951 732 250 167 200 972 794 221 323 886 192 625 463 323 364 960 609 640 7 602 44 484 398 341 628 554 346 693 217 416 50 53 853 533 644 70 759 205 321 669 2 791 439
964
10 351 735 344 55 344 691 419 68 716 414 106 193 290 433 145 620 349 572 936 530 738 19 644 877 263 408 957 501 620 531 762 530 712 238 833 410 144 209 608 568 870 7 88 738 350 671 613
194
591 787 564 554 474 8 35 876 721 160 706 757 116 977 927 42 201 633
266
772 707 192 36 885 132 181 56 426 660 448 107 121 972 29 726 201 632 116 543 442 174 504 730 687 643 107 297 573 356 849 4 330 702 30 502 853 770 444 345 991 737 853 596 264 380 458 632 889 443 169 400 350 287 354 611 885 166 398 416 163 255 185 253 892 77 64 839 853 923 530 676 654 8 301 931 941 254 57 151 751 824 50 900 54 807 808 820 825 538 474
107
539 21 509 652 162 827 863 4 484 283 934 266 536 306 153 971 864 954 158 641 600 397 532 170 950 108 609 557 754 351 321 852 577 420 672 835 890 224 90 724 485 608 96 888 455 381 964 243 539 150 164 103 136 101 860 460 742 866 245 442 986 393 937 572 57 227 210 94 700 188 838 449 675 22 151 469 898
736
258 299 268 832 915 833 86 680 964 347 171 80 645 991
218
643 985
66
637 396 184 295 668 275 775 907 130 60 770 475 487 363 489 527 620 90 294 797 611 93 890 238 887 792 595 822 441 987 342 196 681 625 739 676 789 402 420 323 47 351 489 250 552 586 770 154 301 308 92 958 158 747 990 305 370 377 723 7 920 659 386 616 428 620 978 539 879 702 101 422 482 622 127 813 215 164 919 785 1 565 573 393 897 920 406 210 673 81 633 272 124 790 173 720 800
199
446 13 175 864 320 918 723 442 579 954 896 82 829 390 257 285 822 695 70 499 780 376 921 53 918 750 58 46 540 387 39 495 816
221
803 584 549 981 579 966 807 106 739 303 225 135 670 950 842 580 611 180 132 287 26 308 284 894 106 481 1 501 178 368 492 441 183 852 990 335 947 686
539
606 659 145 865 418 800 513 105 693 272 80 542 158 924 692 206 534 669 686 619 147 263 743 97 725 373 161 456 45 664 616 273 610 926 242 446 301 418 462 648 888 369 181 320 545 968 33
774
664
462
619 465 879 819 100 58 644 138 454 408 124 75 658 896 971 678 763 218 678 594 1000
643
811 935 246 957
691
973 723 507 871 967 850 744 585 918 648 234 558 607 610 75 350 665 809 168 768 116 791 66 274 920 919 355 828 294 753 557 254 47 377 615 683 412 604 472 511 410 590 8 869 364 867 676 678 698 874 184 993 348 213 635 773 247 786 728
642
546 725 606 291 984 524 418 976 642 199
37
216 119 573 565 986 779 666 200 618 897 754 192 488 284 257
516
559 364 375 944 20 515 232 274 230 194 5 793 350 403 660 419 722 39 716 758 164 28 429 810 40 590 262 422 287 964 76 750 313 239 19 729 439 324
140
864 692 528 351 528 621 161 974 90 68 792 517 378 932 789 328 970 817 577
571
41 193 165 815 43 417 648 505 968 52 888 809 34 272 199 557
148
815 348 498 552 128 653 94 461 284 577 885 352 414 35 658 965 802 868 85 253 101 35 61 985 434 325 524 903 827 885 359 356 245 571 505 396 425 747 666 267 516 163 334 666 526 930 991 242 60 969 411 903 423 783 299 102 758 680 661 250 644 88 909 544 824 766 942 113 637 290 580 239 982 796 228 1000 667 491 637 686 378 146 704 736 948 980 676 58
415
418 142 701 916 461 682 717 831 462 171 360 958 453 457 580 697 595 887 110 30 805 323 695 51 201 278 941 697 882 537 839 388 767 973 772 980 686 1 797 465 620 795 376 333 6 442 4 330 600 401 155 88 51 546 80 472 967 903 362 976
123
982 842 92 362 661 503 642 725 945 676 329 847 599 28 407 416 71 83 755 765 848 821 829 58 859 305 653 847 373 130 1 102 976 578 45 215 68 209 711 796 14 369
662
790 82 295 861 201 169 28 813 867 951 246 253 372 834 915 270 688 608 801 430 910 98 422 555 519 865 648 47 389 475 775 835 781 322 401 190 171 556 401 959 4 255 584 942 998 228 625 888 208 591 489 352
322
27 721 639 640 127 140 647 991 50 733 400 657 994 724 766 481 136 712 679 891 89 276 910 190 780 523 724 104 36 503 961 437 805 201 543 951 454 506 593 481 775 669 20 649 656 953 222 704 692 210 162 390 478 706 671 65 897 843 247 712 597 525 218 736 496 988 185 484 744 172 634 187 592 428 970 998 931 714 242 114 137 412 532 857 617 484 504 356 184 176 97
108
400 140 221 562 910 261 459 974 415 134 69 649 653 885 875 384 369 374 124 311 131 489 287 676 254 578 957 428 462 906 457 717 547 387 270 186 558 352 303 862 737 620 28 190 985 29 595 988 848 837 871 554 905 181 491 996 178 516 858 697 377 120 486 556 218 244 701 199 81 124 982 281 739 319 737 716 711 329 533 219
340
230 779 904 40 809 402 359 570 345 325 317 369 807 975 313 338 665 201 797
207
251 310 913 781 68 163 346 123 627 391 527 478 782 172 722 349 498 840 16 876 695 21 68 132 958 682 510 115 306 724 56 769 61 625 752 796 739 634 1 7 808
316
500 920 665 65 521 583 804 375 559 823 846 147 585 997 993 408 414 694 652 287 498 328 671 430 281 491 652 69 159 332 873 767 15 903 79 839 450 403 234 105 410 551 310 888 733 466 524 781 434 50 835 576 841 74 761 109 127 343 930 63 624 939 960 505 227 378 858 187 585 148 17
227
586 915 97 635 769 42 436 737
869
440 122 679 249 276 609 408 738 360 531 417 4 54 744 6 710 847 265 244 261 244 125 645 63 107 131 525 601 605 415 973 137 228 350 454 472 769 717 746 329 223 800 506 761 591 1 69 289 465 398 70 359 655 58 164 824 962 485
735
70 925 724 332 472 190 825 251 438 66 286 295 205 666 605 510 353 882 213 436 682 911 993 333 41 520 250 958 312 890 105 178 852 424 949 940 817 330 489 707 824 979 83 894 405 214 473 827 879 355 44 608 482 437 495 411 588 639 925 297 565 556
516
746 764 307 907 274 723 32 452 859 289 180 200 157 760 633 959 883 281 567 638 227 105 480 120 492 860 728 594 575 290 689 889 933 514 56 156 129 590 124 762 369 811 589 257 563 220 873 301 372 559 320 151 867 182 272 397 364 761 293 534 6 358 700 855 540 269 304 764 672 864 784 194 744 114 246 149 407 356 659
972
497 511 276 271 379 427 275 30 719 749 528 311 974 409 399 411 908 120 220 292 651 904 370 713 387 20 777 728 250 754 176 442 628 856 870 351 536 199 409 41 298 306 307 303 671 468 490 587 450 263 597 478 792 533 138 198 732 489 99 502 436 601 408 896 385 856 328 77 336 206 366 797 505 929 820 445 775 154 653 221 441 783 451 711 787 389 550 195 171 288 211 752 704 790 402 674 342 355
245
759 394 495 317 467 672 582 291 366 223 147 846 485 330 37 836 544 670 816 438 592 477 304 978 551 117 346 662 977 29 669 595 908 521 962 649 993 329 248 556 427 827 555 916 613 328 355 654 336 813 422 517 146
764
218 337 781 459 721 954 176 164 883 149 67 327 496 203
224
652 414 597 206 375 61 367 919 929 409 451 159 444 747 962 477 902 841 547 552 86 865 786 457 525 245 470 452 514 476 958 662 236 976 222 124 916 833 325 54 986 715 599 732 712 185 325 736 794 721 467 99 651 584 666 829 192 493 82 501
244
954 539 216 119 444 3 444 584 434 181 344 197 616 813 324 837 48 842 95 654 991 20 465 929 555 56 135 342 511 661 203 704 441 289 435 54 92 859 951 1 207 268 737 326 212 188 466 178 186 131 624
883
640 921 33 728 47 247
544
443 370 141 221 435 333 442 794 125 716 504
500
289 221 553 199 620 456 929 831 999 554 389 375 280 608 700 990 744 503 291 794 360 307 157 894 531 840 138 58 782 470 245 184 281 542 534 586 740 519 274 864 271 808 76 47 745 202 16 576 843 364 427 286 114 307 604 610 377 808 586 527 526 213 958 497 730 910 482 17 144 638
427
619 504 570 810 338 456 646 473 431 541 730 466 711 789 418 99 943 723 802 177 998 136 251 102 11 117 661 902 592 434 246 420 307 364 934 769 225 354 780 232 118 65 362 656 934 73 98 947 136 796 280 228 916 797 825 72 565 226 775 49 953 978 406 106 87 493 810 883 904
826
763 472 831 671 516 596 688 454 796 797 23 29 12 652 9 722 416 860 514 253 395 376 91 758 366 263 99 222 50 628 350 389 374 864 768 218 77 71 186 994 600 873 995 744 651 364 11 953 551 897 395 594 686 731 706 815 230 741 330 473 741 698 790 925 209 851 314 407 606 268 325 784 974 599 273 39 680 239 210 16 273 684 748 844 679 99 206 909 395 344
913
144 536 918 126 911 646 476 116 42 432 671 839 782 896 880 879 448 894 327 589 509 760 421 425 783 522 12 215 478 701 718 104 669 233 773 243 736 159 286 453 679 544 326 386 547 34 102
738
811 698 48 121 680 878 840 621 458 612 738 108 526 678 961 682 45 372 753 351 999 632 745 648 705 548 872 941 129 759 693 136 276 304 141 976 557 186 261 857 141 303 262 431 90 93 418 146 704 972 779 123 812 213 660 435 123 91 306 48
86
740 632 800 440
869
862 945 709 386 234 866 605 661 252 136 969 704 390 62 767 136 835 117 619 746 137 712 722 274 614 835 620 658 532 348 59 587 324 443 851 597 71 413 8 946 2 577 934 78 629 659 608 227 271 205 750 200 29 654 561 850 40 572 711 524 871 624 975 619 930 232 187 682 359 539 992 513 376 945 772 970 388 105 682 769 106 148 182
926
765 909 486 310 945 147 230 308 467 357 359 270 99 701 765 734 782 948 36 941 771 850 971 784 24 51 643 180 550 553 742 615 593 443 879 925 981 66 400 669 535 591 624 36 365 50 319 681 720 544 880 422 256 606 786 764 127 837 357 835 247 699 875 552 141 995 178 93 919 11 871 667 142 487 517
11
639 549 758 444 328 46 866 489 956 882 600 299 682 701 344 638 711 556 858 295 179 335 247 921 448 460 602 442 280 235 441 317 708 719 966 207 516 186 637 851 903 761 623 431 961 800 457 181 672 928 318 326 56 146 72 898 484 203 561 752 333 497 791 764 380 17 905 368 995 633 390 9 502 557
410
76 534 636 661 184 40 127 207 217 379 677 972 420 222 860 672 206 479 874 259 654 699 624 915 152 305 597 548 429 307 303 138 521 28 98 76 354 374 566 858 255 186 26 15 975
564
746 781 662 712 963 228 386 858 94 901 802 799 16 302 788 898 644 872 138 596 553 750 91 579 390 468 344 995 263
132
563 3 238 135 334 608 487 371 838 466 197 657 364 148 461 248 19 227 699
627
55 405 332 610 178 326 814 532 494 235 787 723 84 450 554 978 94 290 752 121 505 234 179 970 236 893 978 236 779 945 477 38 434 869 379 75 571 173 457 204 99 900 961 985 173 536 765 322 940 377 579 825 505 198 936 7 368 331 648 849 907 819 76 338 352 264 854 98 770 210 739 21 856 752 171 724 970 466 954 158 870 519 604 465
190
648 360 653 314 894 673 669
810
770 535 516 896 227 472 10 221 734 688 25 211 425 858 135 786 635 628 414 777 405 896 513 610 925 439 704 727 814 550 35 678 469 968 23 173 552 65 814 651 964 817 340 550 332 228 922 611 719 682 210 803 413 896 310 784 236 615 285 883 858 395 414 383 390 722 156 618 398
578
417 737 657 856 507 446 619 499 114 681 503 496 715 360 716
617
879 236 293 53 116 952 113
7
763 360 191 869 232 261 307 212 738 155 446 659 321 761 842 71 792 288
879
643 37 157 591 299 161 795 441 497 801 254 87 752 409 282 698 633 829 660 767 65 91 127 664 141 119 980 631 274 899 589 933 527 566 306 653 112 643 565 48 273 957 835 522 125 368 860 862 210 935 576 268 562 45 661 176 375 696 629 69 632 877 407 391 162 430 658 788 417 800 374 526 960 278 386 253 249 277 298 10 66 322 621 319 210 587 462 811 234 890
747
179 333 391 316 10 860 634 614 165 191 7 916 716 18 239 403 389 458 588 412 8 454 705 433 36 741 885 388 844 592 314 303 287 964 150 515 217 754 8 866 446 881 985 504 621 625 229 600 899 454 530
269
68 119 531 845 585 464 36 961 764 184 767 526 634 861 330 191 229 125 351 605 838 415 21 687 229 514 29 576 213 135 117 1 831 684 61 610 593 733 393 620 17 865 718 127 91 854 575 447 174 30 256 333 504 278 229 467 422 690 334 407 150 510 924 993 991 248 382 386 841 716 281 151 128 337 851 665 825 978 610 645 995 38 987 243 979 878 731 308
755
78 248 129 941 765 628 115 396 68 788 843 369 601 643 340 100 141 758 147 221 696 351 879 759 480 636 997 719 53 462 936 97 29 950 926 635 917 347
786
982 543 624 269 561 611 760 296 487 275 499 652 237 6 793 783 121 670 908 850 109 107 329 306 352 711 334 648 851 378 323 432 790 519 293
546
520 875 564 409 863 363 998 180 812 917 724 710 959 494 503 805 404 604 575 438 144 475 110 477 562 324 778 351 5 330 351 909 1000 602 700 843 327 334 72 964 101 430 669 237 72 6 526 236 390 597 794 355 197 812 712 397 329 756 445 28
368
966 393 17 147 364 582 716 297 769 466 729 850 480 967 123 985 444 920 382 678 527 692
45
697 690 393 201 966 159 829 979 621 539 156 585 594 510 491 973 489 872
300
271 471 733 258 865 794 963 397 640 993 10 207 74 734 711 325 435 711 168 721
771
295 470 922 738 826 660 393 429 372 167 760 600 187 873 4 567 84 361 691 853 546 324 704 993 507 232 535 826 853 271 701 833 753 223 663 980 297 508 136
273
439 303 731 681 919 321 469 811 929 591 661 987 255 21 275 261 852 888 184 985 753 507 543 650 558 41 677 1000 251 652 766 167 11 559 796 216 256 223 175 133 173 526 300 848 417 906 188 22
821
581 279 744 964 456 61 62 632 321 848 84 382 696 381 892 483 504 658 693 970 980 185 474 851 362 750 322 48 754 743 767 407 182 603 509 656 371 576 983 742 690 332 52 890 257 763 101 821 99 473 283 300 700 924 418 198 498 310 160 961 459 949 765 920 195 858 385 248 575 648 195 501 834 212 184 800 910 181 887 125 3 942 744 751 415 507 262 769 527 384 697 271 608 373 276 698 733 888 773
766
851 62 932 444 437 700 856 472 771 344 705 415 241 943 682 349 518 971 162 620 77 945 472 730 378 414 518 331 549 285 135 288 868 350
800
212 616 548 282 151 29 197 861 226 450 983 679 823 871 816 375 485 570
194
404 645 471 159 641 829 243 819 975 463 975 826 962 406 943 192 718 858 974 593 736 291 616 128 921 390 358 90 432 13 41 94 978 137 992 882 920 877 739 63 990 574 489 867 607 806 401 472 546 571 54 841 897 277 448 688 141 379 547 724 760 330 97 360 236 791 793 559 720 774 279 684 818 677 976 519 294 481 831 706 257 605 666 412 757
506
89 296 879 515 30 615 771 615 873 401 26 411 183 934 895 299 889 685 613 210 954 403 532 607 641 425 329 701 666 357 304 32 907 970 393 167 814 645 183 12 841 40 366 783 202 96 938 738 893 228 432 865 534 632 581 315 417 77 283 292 349 701 813 554 359 607 334 729
166
771 124 415 52 918 86 665 832 295 780 556 159 85 985 152 882 522 109 360 653 719 595 680 787 569 558 885 589 662 24 94 363 437 345 448 993 517 786 174 731 643 911 56 493 303 573 41 752 631 765 242 618 900 689 668 397 393 29 814 336 915 463 29 634 43 760 328 183 762 403 866 636 467 351 954 661 561 764 846 494 509 571 441 47 476 242
323
545 463 361 25 741 276 196 905 201 122 860 685 339 10 126 229 693 81 878 165 814 494 524 173 414 731 868 421 592 189 357 465 28 544 803 715 779 887 774 946 157 9 889 904 331 526 263 456 875 505 292 478
671
384 339 583 717 102 737 353 161 24 609 759 94 278 203 680 699 189 779 550 331 732 599 986 232 382 498 176 6 756 911 608 319 947 747 92 977 498 821 653 391 361 827 712 200 637 639 104 365
342
550 296 167 835 43 218 79 399 795 532 164 647 523 746 9 127 107 887 16 957 79 161 370 248 186 565 776 670 788 993 693 433 111 710 999 54 487 319
294
921 509 292 874 712 631 201 771 592 723 329 540 320 915 124 933 209 519 789 490 323 458 244 651 294 311 463 640 746 477 342 166 476 718 405 577 641 170 597 327 355 12 241 525 33 189 245 22 534 605 974 853 137 214 19 363 739 503 8 345 211 687 372 986 222 27 541 821 441 208 459 968 363
929
132 165 785 908 703 295 700 493 279 363 69 515 679 825 991 341 53 118 316 702 753 706 34 659 738 109 582 977 841 788 712 525 756 457 216 362 655 247 224 954 736 9 680 348 12 207 98 411 877
852
513 553 248 615 645 212 711 328 871 101 183 283 895 904 913 222 237 966 585 819 416 911 248 140 384 710 312 554 663 971 564 955 787 940 476 544 952 476 933 383 376 753 526 917 142 408 429 66 830 586 869 381 277 832 417 704 928 544 239 428 46 54 41 534 507 532 8 537 602 593 18 175
444
905 60 202 649 639 213 967 461 10 541 170 179 808 816 788 98 145 173 823 64 52 204 244 230 535 551 394 820 897 298 959 499 509 946 702 704 324 233 412 244 852 31 812 748 583 900 431 866 143 267 933 185 701 875 70 103 748 867 558 300 973 493 23 645 282 624 641 479 44 159 726 310 496 699 727 832 468
20
604 574 478
465
146 748 902 594 504 511 434 737 431 549 11 560 728 538 624 552 988 15 218 320 805 391 776 469 347 69 109 6 473 188 657 374 497 140 270 317 753 386 46 809 441 289 677 197 619 761 715 157 507 241
949
445 417 42 892 697 51 305 6 279 887 624 25 631 46 741 720 805 847 457 950 548 977 829 371 710 1 76 602 384 827
986
682 210 70 258 929 110 555 112 970 413 2 561 124 922 23 767 465 87 402 365 915 464 818 542 178 8 430 348 487 502
85
606 289 342 181 981 357
508
23 228 947 298 119 11 737 740 273 660 85 115 761 328 700 616 116 804 505 671 132 80 141 14 845 679 935 278 395 203 426 191 171 118 817 593 623 460 933 1 455 750 758 906 417 259 797 44 22 477 954 454 209 749 991 814 657 177 69 597 758 646 629 766 522
673
348 679 162 130 459 703 863 740 99 803 270 138 631 554 98 241 888 274 601 530 975 684 36 96 470 645 713 744 471 1000 191 467 981 560 157 100 458 313 908 978 970 303 496 534 678 82 848 945 20 943 110 703 477 218
371
907 272 791 888 114 678 686 383 139 455 543 138 210 90 774 258 991 831 483 995 525 902 902 456 878 193 611 735 233 958 43 843 329 142 31 342 617 898 438 653 9 890 745 32 856 496 488 806 682 201 573 939 669 19 178 985 379 992 388 873
934
482 93 579 291 714 301 444 706 147 585 226 289 299 652 485 503 315 44 514 283 956 468 805 873 652 240 413 770 585 757 84 512 639 366 8 411 650 35 347 8 957 393 852 231 962 195 602 96 770 193 182 712 831 994 569 778 723 899 226 51 754 547 820 482 784 981 734 859 239 886 336 432 198 683 416 759 268 13 12 525 435 233 192 226 881 670
420
726 867 485 631 251 171 829 39 223 84 527 855 484 309 381 516 209 981 190 371 349 619 680 900 902 162 44 70 440 69 837 974 433 679 72 563 492 163 962 986 899 715 893 880 673 482 300 164 608 806 6 143 683 809 80 958 35 960 859 247 134 935 177 984 395 603 584 688 417
56
835 616 48 653 565 782 851 475 852 949 706 835 32 224 617 629 106 959 837 801 718 448 997 514 467 647 520 669 3 913 17 631 906 932 674 629 313 154 944 939 642 741 618 152 5 978 365 624 600 750 877 680 190 1 307 899 737 889 925 20 193 873 931 822 566 484 872 353 855 793 637 455 735 24 342 214 780 7 836 24 392 563 301
832
14 288 605 774 941 84 727 662 969 411 474 910 313 762 962 684 504 348 359 22 674 452 642 261 380 365 693 108 806 987 117 338 749 625 185 511 47 620 433 848 998 485 755 341 364 774 324 710 145 824 310 506 983 632 425 488 305 538 984 698 69 723 918 49 97 147 722 401 388 976 591
909
747 405 674 945 871 554 555 857 254 322 208 848 852 14 318 956 327 834 126 654 112 823 750 197 872 853 600 722 479 970 576 410 608 705 275 413 281 684 562 332 635
40
629 806 406 926 556 885 723 488 502 356 985 444 573 623 776 120 4 246 881 488 301 863 85 311 628 544 896 621 11 313 330 197 981 725 467 480 422 229 922 77 356 465 995 133 118 870 340 158 323 835 139 754 224 691 979 410 58 707 674 403 294 188 958 490 992 999 816 17 708 955 825 523 92 115 573 477
458
761 876 392 124 647 544 999 717 603 965 52 126 412 363 252 890 863 277 226 710 130 440 253 929 503 199 602 306 451 136 957 305 927 419 960 544 799 165 369 222 635 695 149 936 777 883 979 609 667 97 574 724 6 534 862 696 10 731
650
890 860 277 362 654 28 451 249 607 50 561 343 362 869 788 663 454 187 854 134 700 731 375 811 975 181 386 501 222 186 600 591 723 377 462 106 799 993 137 56 885 484 640 955 884 459 654 267 807 417 96 620 509 58 527 621 854 70 551 685 912 78 691
22
386 299 573 647 327 314 661 154 920 501 947 487 428 679 90 346 26 515 730 298 850 674 993 215 183 439 967 737 731 727 30 326 187 980 783 84 214 341 341 47 521 218 840 428 889 933 186 989 758 264 877 772 407 516 713 407 342 218 970 837 587 61 937 686 21 613
526
785 746 943 718 947 123 398 746 8 707 779 19 820 837 602 129 282 435 432 246 995 721 769 17 887 982 119 813 746 699 779 332 442 718 919 929 787 15 362 943 535 444 970 43 754 530 214 458 444 419 53
35
700 40 788 776 481 260 394 416 320 167 486 64 269 626 91 794 707 826 875 842 706
161
176 924 429 744 419 136 385 268 722 136 459 775 687 329 758 212 78 947 95 503 257 155 118 908 798 430 231 347 971 951 256 62 958 878 697 313 913 261 756 48 599 174 480 61 656 839 316 120 437 572 773 969 651 273 212
323
926 330 418 527 592 348 824 926 249 84 145 298 355 53 810 647 461 644 603 462 197 416 428 411 545 258 822 991 785 957 474 396 158 328 944 994 533 5 864 339 173 203 350 165 288 564 447 538 475
632
554 356 991 838 504 614 115 937 437 427 223 527 518 14 912 167 83 889 567 682 275 129 126 913 381 747 448 988 402 205 993 689 997 918 493 289 65 478 310 762 544 75 72 267 377 655 37 481 768 108 539 908 373 6 267 462
17
870 742 373 267 820 685 269 387 133 370 920 904 608 905 415 416 712 872 616 800 539 214 138 142 313 963 677 695 811 757 345 790 335 384 847 630 355 904 132 823 554 147 862 243 953 950 952 508 514 960 688 925 219 935 90 34 142 950 385 966 960 756 145 317 541 303 157 103 252 201 366 113 897 906 646 499 663 280 415 676 468 453 23 787 520 869 884 133 992 19 129 821 962
250
147 729 265 848 412 673 483 629 525 362 964 579 115 329 665 370 169 105 169 703 768 40 265 230 279 887 8 27 927 94 540 393 233 994 562 595 194 303 960 235 128 115 44 512 485 105 359 229 916 788 722 756 650 542 196 245 647 224 461 313 706 212 64 683 842 791 860 418 278 826 244 762 10 291 43 180 108 152 3 873 476 659 328 75 617
637
529 266 864 124 694 173 987 117 552 740 991 918 839 962 888 201 523 92 2 494 991 249 98 924 730 772 333 903 56 467 544 245 934 237 983 1000 545 891 119 424 25 823 582 276
431
521 247 31 119 654 61 137 224 169 314 747 76 597 913 904 151 525 142 350 265 39 146 140 932 346 91 344 450 141 801 311 140 571 400 553 160 340 819 533 298 708 722 963 56 480 384 507 535 55 809 519 28 235 794 235 578 759 67 39 361 398 76 448 380 95 627 640 850 401 674 468 917 421 4 132 338 150 87 125 827 101 990 131 953 729 837 978 661 583 429 484 960 291 690 194 122 460 567 150
332
47 11 483 130 755
420
812 163 700 236 639 111 961 454 317 134 367 24 906 204 309 541 103 118 491 1 826 959 618 761 846 301 838 196
654
578 231 694 247 386 879 251 901 929 705 438 936 842 144 679 69 527 385
467
763 421 908 842 577 911 999 534 822 520 998 533 715 327 709 870 800 634 875 68 522 390 748 617 591 247 790 233 647 665 723 285 348 896 902 950 280 462 43 732 956 116 559 810 952 372 268 588 910 120 90 192 384 864 410 763 377 125 684 340 133 828 659
21
894 624 312 79 880 863 759 818 572 643 854 126 388 248 605 898 655 387 344 607 76 665 689 102 916 688 77 561 394 510 111 785 677 371 775 282 45 711 551 712 154 448 20 687 750 565 1 861 323 617 385 27 80 967 949 880 876 659 463 181 226 104 97 543 946 319 832 688 424 26 823 209 778 599 129 398 556 206 52 383 629 638 203 276 294 720 588 184 390 573 357 84
804
867 89 501 579 546 988 564 833 901 596 787 232 971 52 18 197 956 893 819 302 41 690 466 798 874 937 674 930 131 857 280 358 318 631 884 794 620 836 927 444 904 640 894 596 584 111 96 818 517 132 810 322 388 586 925 978 79 728 884 839 485 637 939 413 381 906 471 630 325
673
321 93 738 725 755 284 858 166 359 32 745 760 729 684 310 809 729 94 593 415 549 750 70 941 721 385 344 838 249 206 425 316 171 771 689 939 888 599 302 341 382 406 44 160 892 881 14 586 695 538 777 319 793 255 720 42 482 495 168 806 402 294 339 252 2 124 620 555 188 241 266 164 589 183 605 835 273 403 456 207 54 101 840 164 328 829 530 788 756
829
21 320 403 403 147 519 365 364 386 788 24 480 308 397 381 127 64 91 657 291 276 212 254 371 500 42 489 554 306 248 502 823 827 557 682 366 724 593 773 481 4 885 918 575 382 775 320 758 100 680 457 766 571 446 896 520 609 663 153 346 391 212 576 425 983 867 738 203 774 887 851 426 96 329 726 678 74 775
166
741 535 743 220 209 143 468 691 63 446 960 944 21 322 687 916 141 353 566 451 239 861
24
311
294
557 472 344 133 208 610 9 391 969 781 805 254 665 668 483 259 387 462 872 333 252 376 466 415 420 294 742 798 926 797 523 348 560 10 185 572 188 467 84 59 47 484 525 832 278 987 189 833 175 584 360 8 381 77 733 411 488 929 524
62
16 478 542 908 934 167 337 823 409 620 669 289 458 147 291 23 676 188 71 423 858 945 51 313 719 193 162 638 132 630 928 86 887 610 184 396 589 24 49 936 901 978 459 268 71 975 828 946 315 26 620 982 546 987 205 337 836 701 155 847 892 77 735 210 193 636 850 499 270 807 998 890 672 419 300 768 822 741 114 544 837 127 317 259 919 217 608 382 927 365 565 707 582 158 424 691 126 634 497
27
566 74 572 480 616 428 452 268 814 865 764 893 656 615 681 838 580 838 369 166 393 869 422 186 985 309 346 590 887 303 426 213 753 399 891 24 643 860 809 353 537 640 166 238 150 856 228 269 595 880 457 671 319 265 31 734 171 912 508 131 64 940 727 896
160
499 507 285 525 659 624 740 62 997 461 674 55 631 442 630 707 525 834 85 937 38 857 785 161 894 448 411 931 408 311 32 353 400 823 913 276 442 381 298 622 619 808 176 782 658 305 813 17 906 492 260 564 757 249 404 877 609 783 566 369 40 207 991 636 37
907
94 280 986 272 886 47 160 468 482 165 127 591 195 454 383 875 268 542 526 390 795 641 822 110 115 299 860 918 206 474
268
209 660 803 653 249 603 119 267 870 317 401 540 361 39 458 726 394 817 951 1 486 388 159 591 216 443 676 132 38 91 94 146 258 426 485 950 658 662 283 50 435 831 247 42 510 37 302 356 636 155 39 935 870 90 981 822 515 403 945 944
168
740 378 371 795 670 748 766 384 445 403 406 246 34 282 200 363 732 948 527 379 556 727
269
444 467 222 484 200 3 176 123 618 843 674 905 292 263 78 931 286 28 597 606 647 563 41 813 637 749 198 372 714 90 624 63 141 159 887 815
503
1 575 251 826 443 33 666 6 972 223 402 519 89 404 5 927 384 561 296 957 140 945 690 250 65 333 698 688 328
177
826 474 221 89 851 569 950 754 90 986 189 309 633 628 357 442 67 488 982 94 282 807 403 729 223 502 551 196 841 887 91 902 945 28 560 504 852 66 809 208 371 517 398 909 597 315 323 55 581 155 113 502 215 132 763 482 375 117 190 243 948 713
894
698 856 223 669 956 351 116 609 225 666 996 630 722 541 118 743 76 229 554 955 350 515 158 897 131 181 929 588 127 563 372 515 36 131 971 295 34 874 228 366 285 376 922 567 555 283 826
36
534 740 462
256
141 334 394 441 771 702 562 329 747 712 634 444 705 22 71 670 413 552 45 343 743 214 346 362 680 971 119 765 448 90 235 185 739 317 232 143 784 554 605 418 930 639 693 389 387 876 333 233 725 905 707 410 287 193 182 524 683
466
104 536 604 931 807 623 183 130 914 907 887 838 55 378 126 314 642 717 637 293 207 747 719 326 345 392 823 157 780 60 626 879 924 700 608 799 52 904 471 169 334 975 990 489 800 19 992 185 903 861 508 551 895 315 325 322 587 398 137 972 98 726 427 825 165 804 146 825 188 383 57 976 974 182 492 745 740 230 730 732 755 999 545 302 739 341 584 129 813 252 611 968 810 304 198 242 102
61
329 373 918 706 782 498 504 881 211 383 615 478 468 258 945 902 423 358 456 695 488 317 865 494 674 401 694 968 860 225 522 781 530 592 582 28 259 832 876 904 306 90 911 340 778 896 414 418 13 97 667 919
221
264 311 871 948 867 830 124 870 368 890 329 47 7 994 398 225 829 879 140 619 601 232 443 921 491 765 371 36 820 475 115 319 78 279 863 95 929 109 59 670 338
762
30 611 339 320 899 424 877 407 150 35 301 655 156 551 196 238 816 70 252 73 730 697 211 886 407 267 75 432 325 3 10 603 891 844 236 703 408 731
324
320 791 896 555 909
941
594 944 672 31 739 856 442 424 92 932 956 864 751 889 473 573 699 443 336 706 102 215 952 264 999 888 251 592 463 557 22 751 131 625 747 173 232 514 255 2 529 813 34 89 852 851 23 425 173 386 915 226 376 607 458 183 660 123 688 62 110 248 626 588 988 620 132 667 190 572 596 169 682 411 409 225 396 355 885 732 747 964 695 452 233 879 952
813
688 300 498
853
672 148 850 452 533 214 315 596 641 616 27 994 42 470 391 176 580 25 673 779 823 485 914 294 830 154 876 993 33 97 457 679 85 959 693 580 3 588 640
258
189 72 634 828 250 873 997 192 721 508 712 500 566 662 682 560 304 107 482 434 70
425
917 59 16 898 162 927 925 96 326 301
709
250 71 453 891 486 754 179 598 208 424 56 335 163 696 216 441 822 130 694 27 703 956 461 937 496 15 874 726 636 101 558 425 603 623 823 779 427 966 827 132 325 418 993 121 183 229 944 455 577 949 804 694 235 683 207 466 276 298 81 158 443 586 356
25
82 860 847 923 600 437 993 33 981 351 229 357 73 963 536 958 719 331 372 385 610 112 202 608 899 132 902 861 195 751 742 960 471
690
36 336 183 875 114 332 641 66 96 284 882 625 70 340 950 315 670 805
516
36 516 628 275 315 181 297 797 279 951 971 780 167
318
957 201 897 294 291 569 483 9 223 683 635 673 248 138 807 919 557 659 850 617 541 656 697 997 504 821 889 93 245 175 184 491 330 833 93 780 395 532 540 784 40 276 399 970 676 190 940 677 965 534 105 574 376 325 168 755 91 634 883 560
786
142 385 717 504
778
50 887 948 76 256 409 558 406 306 689 61 634 598 473 373 662 742 719 46 117 975 952 32 957 638 613 80 339 601 99 178 152 14 25 274 669 617 287 100 26 388 988 106 887 645 975 677 65 674 643 142 434 557 826 188 756 461 615 880 284 838 204 127 203 908 945 616 383 263 912 324 620 924 885 82 230 545 429 218 125 955 26 73 143 670 383 985 996 812 637 912 527 879
622
946 47 16 952 504 326 744 510 956 750 351 35 811 281 89 725 292 258 1000 482 842 939 804 275 279 931 778 500 199 232 490 430 230 680 783 540 692 851 423 812 862 943 470 304 96 140 952 980 434 678 386 946 687 417 144 978 579 281 977 503 58 64 593 644 311
123
735 510 276 516 226 857 994 699 943 153 583 99 994 602 112 997 533 148 632 162 958 528 888 408 402 422 296 287 647 152 761 751 586 917 740 957 696 214 745 553 573 492 231 298 454 1000 152 484 522 556 567 752 70 562 804 776 900 385 95 288
872
576 917 219 404 486 351 529 223 151 944 351 928 933 172 284 112 30 868 868 333 896 977 782 965 350 718 927 597 749 135 408 987 161 136 140 486 80 932 797 634 14 678 193 348 228 149 409 159 513 252 589 612 81 114 513 8 618 229 736 863 928 702 771 78 970 590 488 784 657 952 40 212 793 235 209 830 944
214
87 930 363 71 385 275 344 103 784 4 390
873
236 68 859 529 198 743 661 400 681 211 253 62 227 183 969 87 207 548 157 925 712 925 566 927 360 5 461 382 138 411 602 911 822 266 551 77 883 119 800 751 25 111 371 646 435 925 317 544 291 474 415 561 635 772 314
153
618 980 550 517 691 518 740 446 405
966
577 713 112 288 466 944 458 190 199 641 890 599 672 600 322 177 108 489 137 191 136 500 814 193 215
999
189 510 1 189 491 897 137 863 814 760 544 607 738 613 550 264 650 920 641 216 595 264 187 627 698 584 877 973 223
96
271 835 684 451 325 694 914 305 436 288 828 325 588 444 443 940 174 984 550 5 533 633 120 204 493 115 713 446 14 575 62 518 429 268 814 128 735 102 617 393 23 214 515 479 846 436 517 579 917 367 526 469 241 419 156 959 395 758 461 294 693 465 258 74 298 332 269 411 248 689 449 616 720 901 767 556 974 445 741
774
395 886 30 211 503 792 453 543 908 902 198 475 272 895 753 75 532 751 106 534 591 653 842 456 146 492 207 571 739 123 586 132 845
908
937 165 58 186 93 493 230 28 880 31 503 879 967 548 711 662 628 546 881 265 265 691 443 366 857 680 344 818 797 287 419 254 757 614 389 816 552 126 181 385 421 341 200 746 675 627 662
703
294 602 914 179 28 658 237 862 916 727 471 685 530 794 771 984 350 842 890 468 961 963 46 599 560 621 414 997 639 860 294 294 595 135 602 566 431 250 950 231 595 580
523
302 464 882 979 606 689 447 984 87 542 612 263 48 942 615 865 471 566 760 971 157 939 877 289 172 713 966 104 157 230 823 518 987 590 850 458 613 248 468 836
516
846 925 881 584 643 910 358 373 840 109 308 754 306 976 807 821 436 295 967 670 432 57 272 528 153 979
724
561 949 142 418 510 791 283 798 432 795 743 556 996 988 313 818 779 839 127 855 773 722 262 177 299 314 814 283 34 874 437 593 606 567 473 901 634 923 276 467 29 347 899 308 338 468 678 465 882 366 328 820 986 686 647 313 25 580 115 137 934 643 480 749 956 739 24 659 175 60 304 611 82 930 241 454 939 223
774
22 274 826 715 124 270 49 787 686 667 431 833 574 126 864 230 712 252 880
755
780 292 990 192 225 380 380 797 462 821 712 757 722 160 291 526 704 507 127 310 660 25 722 983 550 455 833 768 952 412 757 698 375 667 148 470 627 265 452 962 993 39 792 548
279
866 344 406 283 863 957 62 626 443 428 235 216 802 331 909 123 755 246 441 869 156 50 966 444 238 876 15 419 682 891 508 127 245 65 747 953 880 386 407 249 636 609 381 44 46 541 213 114 941 692 470 954 309 868 913 766 45 408 881 334 912 773 905 214 99 931 600 15 348 483 926 973 426 573 931 925 128 87 57 929 618 401 531 621 400 52 63 33 457
595
673 501 137 245 518 340 783 315 987 873 946 52 767 892 868 41 141 559 124 225 187
600
421 706 173 846 365 663 81 41 949 541 362 898 598 247 960 180 677 436 803 640 203 718 406 634 320 133 194 445 15 209 104 666 744 668 144 329 657 930 185 241 559 327 888 23 70 145 95 848 895 196 869 346 474 980 731 522 385
596
211 613 798 345 870 947 28 58 743 545 934 85 598 336 965 740 268 437 350 33 849 935 460 228 30 232 965
226
111 745 435 498 498 170 973 887 489 735 538 566 802 29 501 592 126 473 269 781 705 396 855 864 919 334 962 298 654 845 171 480 523 684 583 76 49 162 528 2 776 400 644 130 831 9 965 786 358 409 412 357 353 183 876 838 397 119 908 54 643 663 240 720 673 703 371 684 876 138 836 679
49
787 208 284 445 204 868 92 157 798 459 632 773 621 774 455 890 262 952 421 829 36 498 329 582 409 253 500 572 806 775 346 354 128 914 956 748 107 143 535 24 903 86 433 855 975 76
201
619 747 949 338 942 255 768 104 881 489 9 134 76 298 348 63 489 886 83 637 970 407 476 99 358 566 582 282 945 898 330 145 37 199 539 123 563 12 887 558 121 589 465 312 651 820 757 610 147 997 71 736 324 184 450 369 436 443 839 135 321 536
927
310 288 111 60 860 935 873 735 509 470 528 469 758 517
154
743 970 399 164 235 777 60 406 431 569 755 804 724 285 620 188 290 684 882 81 118 902 709 876 952 796 820 662 704 935 527 661 36 107 488 525 738 999 519 122 196 360 496 58 246 468 748 617 950 367 855
201
777 733 519 412 748 828 672 316 617 602 426 672 204 210 528 781 54 206 487 243 209 278 302 999 499 984 40 882 972 539 499 951 869 763 42 517 167 305 99 320 919 446 396 550 546 917 604 827 926 639 288 691 10 929 990 172 535 692 400 983 397 568 681 806 997 979 818 287 402 599 611 307 463 505 118 647 176 642 761 764 997 272 391 825 513 572 876 32 737 818 557 311
720
98 824 16 670 142 137 867 11 853 162 105 826 16 477 360 250
62
216 736 296 32 752 214 591 296 631 152 317 561 730 690 199 996 593 82 366 561 586 801 216 330 69 522 167 346 763 238 289 103 89 807 912 595 488 721 407 33 423 822 564 309 668 77 601 490 186 886 974 773 489 858 670 291 95 858 289 294 342 911 586 106 837 679 771 886 914 513 520 313 917 760 181
904
158 329 377 705 836 63 806 756 946 772 836 121 339 433 275 475 327 298 997 306 739 603 242 945 205 845 964 389 495
569
489 102 897 988 507 874 445 348 363 342 780 246 396 31 613 372 96 195 594 957 911 709 211 739 922 101
822
1 411 683 702 418 118 72 952 167 258 599 647 614 166 128 4 34 895 274 543 566 653 254 378 734 287 439 86 980 767 206 234 350 500 539 618 968 160 264 345 328 572 705 902 112 511 660 130 546 483 254 41
765
74 810 922 108 415 639 758 405 372 290 288 103 859 482 197 967 817 168 296 784 833 495 542 213 535 968 104 802 729 649 220 265 452 654 892 669 342 222 31 806 240 361 884 311 70 342 431 269 329 204 116 733 274 44 410 92 202 902 580 654 79 350 608 546 453 842 159 86 691 847 885 530 537 133 76 831 978 28 571 197 431 660 167 914 796 988 743 302 674 658 488 767
48
836 170 773 367 836 222 12 529 557 254 543 604 796 521 162 375 90 178 791 913 334 177 694 588 902 565 598 498 418 65 892 345 132 918 715 586 342 93 877 970 591 194 909 897 764 697 166
191
660 25 157 164 294 781 944 315 214 361 691 453 353 96 437 816 66 492 780 181 29 813 803 171 180 414 158 235 111 254 547 65 276 603 813 928 92 987 555 804 999 849 287 528 495 210
713
26 217 280 745 630 324 91 867 113 210 227 152 46 597 51 334 330 523 501 300 47 502 568 24 107 652 345 448 828 333 963 232 319 464 180 413 94 239 279 276 1000 860 450 766 109 542 606 333 526 879 388 831 481 127 33 838 494 55 669 456 599 623 879 306 700 265 871 477
782
156 129 176 346 269 443 544 983 761 715 253 72 649 92 935 280 456 688 788 814 809 854 287 483 131 654 429 879 753 703 888 398 881 460 349 759 263 499 900 817 441 759 694 273 632 301 692 375 442 816 764 89 806 189 91 635 378
778
49 80 592 649 389 539 572 216 20 814 726 12 276 115 606 310 654 922 653 688 353 479 975 560 552 982 105 722 705 213 392 139 153 93 792 565 631 936 204 547 312 273 33 771 320 11 3 99 21 335 158 582
126
825 707 803 776 92 127 194 706 401 463 762 403 105 949 964 306 792 457 492 195 98 55 898 745 438 632 239 253 187 433 965 50 297 164 306 548 183 959 726 55 659 337 807 248 859 745 449 844 244 292 373 535 224 824 985 269 199 509 32 764 771 956 356 280 898 512 947
51
997 896 901 673 909 274 944 609 480 491 139 832 646 731 856 535 794 622 710 32 941 681 378 310 631 570 209 720 45 919 941 425 138 221 816 698 226 267 374 148 189 228 104 192 526 815 230 677 429 998 863 620 942 586 679 961 479 135 909 486 204 650 619 571 314 557 326 113 825 136 730 115 802 695 63 639 805 28 170 528 727 236 79 342 596 434 958 296 291 166 555 964 635 934 605 197 500
156
954 981 429 446 262 631 665 275 564 960 543 516 777 789 496 311 904 21 798 478 157
366
482 769 444 377 557 777 714 323 533 39 61 380 663 62 252 496 543 797 420 676 340 414 290 950 208 361 850 227 560 777 368 364 399 286 249 96 374 454 134 347 806 157 961 610 989 139 63 506 531 376 80 482 804 261 703 522 209 402 707 198 786 450 492 918 69 581 615 142 982 366 723 915 814 209 50 159 475 268 434 294 684 872 221 586 776 367 118 578 425 154 405 76 99 675 964 622 139 846
119
286
801
45 629 409 147 766 747 901 128 705 423
301
619 79 217 383 358 695 436 698 362 920 640 118 657 82 528 387 281 452 622 243 861 880 722 960 59 49 587 894 704 618 265 583 479 469 481 815 346 508 807 456 988 477 391 455 23 656 952 592 276 13 427 868 204 936 782 8 100 507 561 612 540 476 259 923 278 70 676 589 630 319 502 442 213 582
821
151 549 660 254 669 650 429 993 30 878 108 36 568 659 937 698 203 815 919 441 123 658 815 618 74 155 131 281 527 830 838 179 811 55 752 324 746 810 194 168 796 875 597 969 855 821 12 753 478 212 658 904 43 859 493 296 790 968 238 961
296
994 647 770 304 293 772 38 877 942 854 874 152 652 613 625 912 466 59 996 209 758 276 733 98 733 244 721 228 49 212 939 574 778 241 760 222 165 142 487 814 383 699 136 960 164 466 429 903 305 104 579
264
59 17 273 138 982 591 85 461 571 416 21 425 136 53 963 191 893 332 528 570 217 968 550 719 877 780 659 245 30 957 703 647 985 623 404 905 684 301 602 508 430 179 558 947 973 634 23 303 670 786 439 224 81 157 382 204 427 726 623 163 774 67 684 867 419 699 505 337 264 662 374 805 872 903 773 489 602 597 448 68 499 843 742 182 163 949 811 475 961 971 905 794 269 56 451 227 888 751
910
600 565 687 999 272 323 491 900 831 619 649 740 47 902 748 567 299 591 924 929 454 99 328 390 143 147 562 201 405 599 548 546 261 477 939 256 499 179 370 372 314 704 613 766 360 750 790 993 792 371
399
97 18 404 868 620 864 665 682 561 878 534 377 687 583 846 693 154 47 45 124 30 483 348 658 58 778 435 417 144 403 405 231 894 519 876 847 171 661 233 878 33 166 77 604 320 356 802 661 614 395 35 435
930
923 268 937 731 941 464 330 24 407 373 360 995 75 891 132 721 656 167 977 137 187 70 403 254 482 942 398 953 719 870 423 234 569 134 307 884 578 235 748 478 967 246 196 742 723 634 922 864 845 410 18 771 417 237 132 604 13 762 990 544 78 282 857 517 715 707 563 418 956 852 72 864 751 754 514 322
626
634 645 156 513 51 532 133 468 106 341 139 43 219 117 87 382 887 716 936 382 503 552 200 850 889 976 455 161 150 707 384 76 328 656 936 831 299 956 210 727 640 800 418 929 196 248 787 915 410 774 279 746 596 533 448 916 163 38 768 124 365 143 861 975 184 814 638 440 694 726 804 579 948 265 617 460 436 125 725 966 450 828 325 646 939 992 266 891 560
795
43 198 287 243 983 482 943 39 99 544 540 249 226 854 622 721 396 99 207 695 8 431 910 564 46 493 941 807 349 457 598 742 393 133 590 892 619 933 548 940 587 723 956 258 939 555 941 809 428 7 239 469 515 447 787 317 442 924 789 654 93 280 205 808 7 680 66 599 567 713 932 193
409
314 318 578 871 82 689 393 551 571 495 664 57 690 362 448 159 986 338 174 333 497 947 412 264 189 280 688 22 172 148 613 11 143 466 590 129 649 658 718 212 691 159 59 970 536 567 634 466 251 383 56 575
948
972
784
461 825 751 506 165 534 892 815 66 44 172 7 104 24 509 431 666 925 996 294 95 982 972 537 182 143 732 428 707 929 522 867 606 386 438 914 271 600 978 780 578 965 52 724 671 776 789 207 439 290 581 579 453 314 406 501 620 398 755 255
309
153 135 765 849 650 417 992 208 51 653 759 220 776 420 9 52 670 693 441 709 537 905 598 854 30 434 247 379 281 286 898 858 945 387 869 890 312 85 284 422 163 118 996 611 256 962 329 986 766 108 153 527 343 934 976 172 693 498 156 119 893 483 229 74 437 241 121 879 684 80 203 804 872 382 83 34 270 494 74 557 165 693 766 435 7 687 695 175 215 641
232
297 310 642 947 74 453 768 848 494 869 216 345 768 517 82 936 727 172 754 986 498 837 358 463 817 373 192 644
79
772 852 782 463 628 895 763 138 170 900 900 140 705 444 133 148 317 357 391 617 436 310 723 262 640 507 140 397 935 800 134 658 138 556 194 442 915 597 731 903 392 159 558 669 594 792 977 605 915 598 412 328 449 932 178 832 736 690 416 415 23 952 921 16 923 9 155 172 798 572 858 377
628
799 864 517 268 784 367 400 858 576 325 369 268 164 667 841 586 47 470 800 648 280 285 355 191 208 320 761 69 85 821 880 955 154 873 847 80 568 412 570 604 550 435 720 927 214 147 720 288 19 948 232 477 224 322
653
243 264 148 113 684 487 403 432 773 782 766 774 625 751 332 351 6 213 779 411 566 633 507 430 932 650 312 382 59 388 537 821 933 843 319 163 661 285 364 672 947 683 82 465 2 96 627 80 920 832 256 533 614 988 422 244 959
730
443 162 104 456 984 689 858 410 228 163 788 572 90 919 414 702 282 779 152 693 808 244 408 392 941 734 461 108 793 533 777
622
625 841 531 958 132 515 946 915 369 677 251 658 936 361 31 380 249 475 215 473 618 777 812 911 200 303
875
914 366 634 740 544 165
102
631 53 990 88 675 803 986 807 103 382 126 295 149 764 903 333 74 701 912 367 791 77 477 117 587 153 641 662 660 165 195 980 969 916 423 465 323 324 230 40 438 326 730 378 459 681 594 166 257 838 307 704 920 512 939 390 26 450 63 479 640 644 176 685 489 626 263 663 334 35 694 551 597 341 189 284 677 89 726 842 917 99 393 759 224 451 35
945
501 567 268 717 707 859 539 147 706 23 309 660 754 779 173 783 277 947 129 841 695 388 247 808 695 550 936 269 835 10 50
121
637 375 306 359 185 501 242 746 668 568 362 342 514 680 594 483 795 199 221 246 151 926 272 30 749 554 512 969 597 281 451 277 599 949 61 660 849 684 549 57 661 196 799 386 838 395 624 380 719 324 454 810 998 679 500 630 730 594 371 111 102 177 645 80 435 3 263 585 350 117 540 652 102 996 670 784 497
570
65 515 925 47 121 80 706 704 161 257 459 690 95 444 984 75 44 62 481 271 458 937 978 490 953 389 396 933 117 102 271 540 486 437 959 722 310 253 697 142 913 674 886 965 537 418 685 871 528 288 901 78 647 236 259 224 828 677 787 169 195 813 301 147 415 459 906 999 244 500 565 606 603 775 937 445 719 174 184 362 274 507 867 921 772 845 301 679 138 660
294
409 943 320 623 626 854 816 677 771 377 566 200 539 192 191 538 612 155 622 191 243 515 324 44 583 194 319 793 601 11 952 764 612 332 876 400 109 539 634 285 984 534 149 411 863 491 321 579 594 381 410 660 906 118 356 705 355 52 700 827 577 479 392 518 508 33 14 732 749 577 847
341
170 273
876
363 606 565 37 924 888 153 339 648 296 150 509 342 439 264 463 986 215 664 181 152 326 41 757 2 188 681 882 798 595 835 106 671 798 23 785 677 868 597 271 915 77 130 110 894 606 993
198
348 749 27 937 284 90 964 325 149 183 434 167 281 200 992 694 759 783 378 361 415 701 949 985 515 12 749 830 954 196 104 438 584 150 835 28 423 100 337 18 904 134 56 741
871
508 979 561 248 692 561 851 723 598
186
254 166 773 19 583 270 326 976 65 797 802 603 951 791 115
94
638 807 911 277 888 72 392 836 439 3 332 450 73 277 727 906 460 409 853 541 556 879 466 341 325 899 256 359 735 973 180 319 242 468 407 705 867 336 245 242 595 76 356 112 534 257 313 691 635 938 169 134 897 326 766 822 357 278 861 53 496 839 800 670 433 100 432 577 342 136 428 715 260 782 358 196 181 795 966 1000 163 801
842
493 528 6 750 469 273
941
314 469 382 429 707 32 262 193 248 996 322 714 586 225 98 223 980 190 456 170
859
33 192 172 655 237 661 946 147 237 505 472 654 606 819 938 24 596 737 656 71 722 354 201 255 798 437 88 871 662 410 937 349 601 196 213 288 354 141 594 479 74 784 331 191 689 482 663 640 678 305 909 496 266 830 571 409 178 279 414 30 41 995 285 383 278 959 794 20 108 91 633 637 632 996 902 955 611 939 281 182 64 600 368 163 58 130 638 713 557 975 854
147
686 197 492 253 601 737 670 711 785 864 295 100 874 428 963 767 867 592 300 498 234 647 117 806 435 328 687 895 632 118 294 420 79 112
655
885 860 524 223 50 715 407 139 668 534 371 58 708 431 567 104 553 291 515 914 903 302 353 398 669 448 328 452 171 134 738 218 897 994 924 128 930 688 106 384 652 291 386 430 938 412 664 875 650 166 230 2 929 419 849 304 962 116 401 584 86 585 15 133 664 974 996 580 202 942 381 90 13 461 927 524 610 445 331 793 987 560 561 590 788 416 477 23 431 16 442
82
263 413 125 195 625 300 598 919 447 3 829 509 9 899 404 233 310 877 550 796 978 686 168 416 35 580 181 52 390 436 133 470 62 211 133 345 476 168 919 596 693 684 920 655 351 110 395 270 406 614 925 373 700 195 299 737
31
242 622 267 459 509 683 459 803 661 947 416 681 355 164 721 818 621 612 401 194 848 164 135 31 174 504 375 712 845 740 769 552 555 975 744 197 524 471 599 782 573 901 989 183 547 995 794 521 611 811 851 141 5 751 192 865 411 579 772 200 70 519 820 66 274 117 803 493 319 632 733 179 639 428 41 321 567 698 61 179 285
657
469 519 713 870 491 885 306 503 680 328 285 638 713 313 474 77 569 726 393 794 502 703 368 318 35 695 227 479 937 905 176 793 733 54 817 308 180 551 997 72 116 491 511 36 950 580 110 94 760 749 615 83 164 490 689 414 646 28 724 739 121 563 840 317 925 716 60 464 515 801 91 819 923 238 986 128 307 866 177 251 334 451 445 197 872 941 472 627 261 796 80 616 887 904 744 640 849 242 941
884
958 259 684 415 663 437 382 663 208 759 491 418 607 695 938 945 51 504 839 696 947 636 78 290 956 454 319 263 976 67 172 804 526 453 548 905 169 371 505 235 830 853 876 470 508 233 803 387 271 344 489 985 14 747 803 488 430 63 17 840
445
289 885 609
294
217 383 772 92 941
317
53 423 332 793 338 569 290 297 695 147 549 38 896 472 939 90 350 885 178 504 382 912 819 506 297 291 374 917 517 894 195 387 627 881 604 506 977 432 492 215 386 13 30 237 43 3 469 673 128 621 737 122 91 16 207 255 902 879 423 628 986 355 476 379 127 672 57 819 650 312 722 668 773 683 22 309 943 819 327 350 665 239 898
795
135 758 327 371 157 334 699 895 885 355 523 608 979 704 266 185 82 841 336 103 551 658 532 653 890 160 821 132 619 827 580 926 633 490 366 750 542 501 729 71 68 797 651 17 994 494 318 275 436 900 245 316 9 861 687 423 219 741 880 384 636 383 123 498 168 320 633 316 450 167 883 162 461 4 297 545 335 328 84 492 66 397 652 434 679 689 504 271
559
121 951 946 955 184 129 754 510 541 979 540 249 837 921 844 588 168 646 241 848 428 53 909 871 252 361 661 912 623 665 154 472 299 342 263 246 70 786 804 887 602 210 754 541 984 463 353 64 445 349 780 53 422 337 962 637 467 41 481 73 697 44 328 960 870 824 147 626 53 690 188 79
56
365 65 747 583 686 382 18 509 468 487 879 896 272 50 590 786 248 784 758 951 54 896 312 367 480 861 731 450 335 163 961 146 516 859 4 735 397 885 515 381 32 377 987 717 320 167 259 342 16 950 243 57 3 523 271 562 682 133 492 549 362 182 82 861 693 405 553 131 785 501 106 976 549 777 61 502 782 103 424 927 300 670 398 864 862 444 242 174 343 645 291 642 812 978 306 828 328
170
218 149 786 892 579 681 818 638 664 77 778 428 749 82 167 753 27 211 548 423 679 489 852 619 410 281 704 224 594 18 146 33 93 683 705 665 345 566 653 892 616 922 665 757 443 72 758 565 495 521 632 61 454 85 626 899 189 930 520 306 873 764 743 292 661 431 844 255 742 508 402
70
248 870 4 745 946 830 384 495 534 922 640 789 429 214 805 631 448 579 454 205 783 327 490 234 362 592 92 438 599 147 433 440 818 416 224 999 300 160 25 346 272 878 372 172 485 945 502 282 173 168 569 319 911 991 754 571 255 348 16 533 337 25 761
860
995 326 810 93 680 889 65 733 577 663 663 660 729 446 177 88 556 349 678 65 748 816 626 371 604 798 918 883 640 294 547 672 951 783 827 326 390 10 275 793 336 87 5 461 881 816 458 651 647 568 901 299 91 398 608 757 782 957 665 946 773 104 938 265 366 328 170 976 111 953 56 582 499 880 859 818 389 179 999 2 148 162 384 796 329 49 861 238 776
351
347 880 148 832 992 319 421 13 500 125 692 493 274 273 70 63 947 326 387 973 767 278 297 56 847 933 722 464 447 330 657 448 933 241 875 543 939 139 570 312 423 824 537 491 1 686 111 609 841 792 540 79 868 350 876 583 71 174 368 512 446 155 424 23 272 740 65 652 943 526 477 73 890 742 305 532 261 347 728 511 487 227 854
842
700 896 853 296 992 943 734 59 82 225 953 184 577 59 415 870 47 220 542 729 107 730 456 994 886 993 344 204 467 778 36 664 899 400 218 552 146 136 209 419 41 171 728 746 101 277 431 248 536 98 800 294 897 832 277 990 3 588 626 438 944 887 798 422 423 143 355 221 592 66 104 636 80 799 526 53 980 984 541 657 361 120 79 590 350 781 248 251 650 951 783 215 709 617
649
756 322 842 466 177 488 730 55 145 527 471 451 684 532 974 975 263 966 984 249 98 752 933 373 185 360
207
256 433 213 871 66 42 487 238 782 544 711 577 983 447 795 866 417 137 876 726 702 350 476 259 87 969 29 27 404 308 990 684 270 980 938
201
359 687 648 635 689 806 554 40 210 907 505 72 355 220 603 714 346 38 456 881 448 854 760 487 752 73 649 216 809 204 268 469 398 866 538 212 192 251
640
207 877 94 972 649 105 760 169 131 1 510 799 643
688
952 423 68 497 975 565 128 513 885 848 905 764 64 567 868 257 450 527 161 215 183 975 683 629 822 256 616 338 600 458 39 355 230 758 635 604 159 121 834 221 509 188 158 756 754 706 974 243 278 724 82 272 734 123 289 345 748 561 822
41
118 638 294 288 842 83 21 929 546 341 861 951 67 356 131 403 402 172 222 141 681 77 399 774 50 217 995 337 856 138 422 72 213 497 592 709 935 941 691 300 974 983 762 827 51 3 13 826 467 15 167 419 953 769 674 793 218 129 854 181 660 904 990 952 694 835 852 805 6 500
572
732 285 156 915 844 237 284
400
110 428 161 232 109 703 531 228 382 669 900 261 376 270 86 595 663 40 834 278 47 998 572 705 84 60 357 839 751 846 440 894 687 230 321 998 358 359 166 8 457 44 731 815 595 63 44 929 668 106 895 179 835 107 325 694 103 933 540 303 46 576 752 692 247 871
791
429 276 859 817 316 508 854 659 923 624 719 505 697 186 283 1 24 244 582 417 281 366 670 953 11 645 438 338 197 836 248 655 654 436 592 501
416
47 697 96 391 444 267 508 379 12 145 281 468 183 813 313 657 622 686 206 624 114 210 900 174 272 936 235 877 2 377 506 758 390 545 772 39 192 160 917 636 294 855 852 831 202 568 106 786 84 735 202 993 470 403 635 961 473 485 757 983 111 824 917 766 222 246 448 31 872 827
322
64 180 505 904 498 628 474 95 714 385 913 489 220 921 254 618 11 836 506 961 359 872 354 327 949 127 26 719 682 985 687 16 650 273 896 298 355 928 106 766 601 82 174 173 372 928
482
150 227 812 964 160 338 734 85 972 874 601 669 181 137 975 756 147 315 164 612 836 353 935 421 355 224 25 11 277 102 146 908 116 327 382 855 275 89 447 691 910 946 946 573 554 434 325 853 540 221 616 839 193 664 780 191 978 646 613 131 873 89 511 444 733 589 374 755 130 487 751 136
141
862 353 356 384 709 157 491 833 538 719 321 220 68 729 127 649 709 4 204 919 77 777 101 979 527 742 391 368 658 565 857 661 308 880 309 593 731 500 424 803 918 597 118 220 310 774 927 232 999 626 39 134 313 851 22 488 72 887
517
602 947 111 210 650 208 844 350 195 292 266 581 271 295 482 346 659 636 171 318 1 882 377 162 235 368 699 881 94 440 432 499 615 15 682 531 550 118 117 520 315 337 801 740 735 497 161 755 694 828 858 398 217 803 74 605 666 904 420 390 485 145 285 562 992 478 882 264 940 233 359 753
353
621
637
545 668 419 164
135
393 57 644 101 99 913 120 537 882 565 904 756 27 218 842
827
696 168 939 940 819 553 326 659 277 242 833 859 846 986 755 77 998 848 249 535 270 708 760 638 860 355 501 516 774 70 71 123 744 53 60 609 739 100 54 959 362 96 104 208 944 654 467 883 577 207 522 705 210 903 552 632 976 471 769 623 599 857 679 1 913 53 295 829 644 241 444 458 809
18
823 493 2 148 687 427
898
698 856 334 3 384 169 250 836 48 55 972 381 313 597
574
733 697 213 827 562 21 403 918 931 298 386 608 754 663 231 194 793 713 227 44 748 401 924 539 191 572 439 797 749 636 643 238 363 41 812 960 983 527 750 994 363 576 968 636 254 750 98 674 11 923 141 450 379 927 466 16 743 974
393
680 519 94 916 873 432 645 184 105 399 318 897 111 528 433 639 644 719 438 986 48 999 684 503 656 89 269 373 221 572 578 945 491 393 90 712 494
528
939 281 44 820 924 788 223 493 252 133 629 972 382 372 368 877 310 690 211 736 34 434 469 583 30 213 125 996 202 991 984 701 679 793 277 60 665 903 633 419 85 872 692 91 107
939
463 366 285 807 313 230 483 581 102 406 56 560 7 271 880 189 922 622 777 398 767 56 172 181 300 204 271 762 389 504 376 202 552 971 888 341 141
5
32 979 473 301 590 565 29 237 831 897 459 719 548 633 106 890 882 751 814 912 937 145 474 240 99 738 331 883 880 161 97 854 935 52 966 861 15 460 722 715 95 39 661 28 810 685 545 349 242 215 978 159 4 62 353 246 102 9 358 264 86 249 647
921
188 179 825 366 56 89 144 560 492 920 293 264 61 921 826 761 392 753 816 232 477 41 317 980 112 735 107 88 821 713 483 172 888 426 413 472 502 695 658 722 601 857 560 194 127 998 979 596 237 107 542 910 240 484 27 234 859 48 223 143 860 542 851 438 508 801 121 917 965 177 516 27 455 783 558 661 186 966 892 514 771 694 17 930 185 60 776 249 589
681
124 980 770 713 533 911 676
520
303 235 429 792 368 514 714 103 969 875 987 788 688 888 39 519 683 849 15 117 830 615 824 574 779 325 929 465 895 66 868 124 543 301 769 969 395 506 399 501 389 858 704 10 886 926 50 160 212 220 598 594 311 287 364 339 633 228 745
554
728 610 723 930 14 697 844 599 847 183 449 776 413 112 761 654 361 270 290 77 743 127 365 841 488 341 32 784 571 273 827 85 849 405 639 735 516 575 171 364 17 134 725 10 937 560 395 655 58 671 587 507 938 752 382 497 602 161 666 206 961 693 586 232 219 278 391 391 561 249 125 451 344
460
531 971 882 798 257 734 236 469 46 915 215 490 967 702 816 810 422 793 285 910 331 635 412 895 705 187 939 556 632 125 25 503 858 738 911 13 590 596 731 522 646 377 15 506 689 675 962 473 780 783 278 315 157 225 185 131 996 465 147 173 170 880 590 619 372 6 917 109 566 441 939 381 353 822 960 553 306 840 897 744 866 727 613 759 306 606 710 589 96 831 979 238 159 894 925 515
813
22 917 529 173 762 242 777 99 623 9 480 208 555 547 626 305 269 239 397 788 767 546 129 530 606 413 22 323 476 189 770 844 122 928 379 691 114 612 868 924 975 678 462 848 934 137 811 500 583 570 557 288 193
536
996 40 383 642 340 777 923 394 683 117 929 28 210 730 871 598 569 347 620 355 513 599 684 357 627 173 382 44 884
138
150 547 79 861 35 112 998 176 122 507 153 527 521 98 43 609 622 818 682 493 144 540 982 444 340 307 784 130 172 847 326 21 152 68 296 783 543 809 191 821 93 215 667 660 191 468 483 541 376 377 500 804 39 459 947 516 259 438 638 39 63 219 805 706 896 486 605 395 445 409 946 586 71 69 105 725 732 614 748 49 948 967 164 735 389 218 680 730 32 756 326 894 989 127 427 898 18 237 495 891
338
124 674 614 595 125 703 463 68 941 736 972 648 437 684 782 926 626 12 451 486 781 2 931 557 846 795 384 782 338 479 441 999 602 274 360 982 313 799
11
756 897 118 566 427 634 318 135 202 665 817 250 272 627 985 251 304 51 719 677 650 630 75 769 780 423 882 341 179 258 238 375 783 457 360 636 842 765 720 924 310 413 605 730 768 539 330 4 414 756 869 156 265 480 392 441 677 901 345 442 244
890
526 941 355 728 610 123 775 458 1 411 95 854 929 236 971 843 793 842 322 44 819 843 688 997 286 411 165 860 432 768 4 611 157 403 437 594 959 257 634 468 180 240 717 909 249 566 365 274 553 512 702 437 75 871 488 268 466 455 440 201 731
438
259 283 885 495 670 429 790 163 842 36 559 734 306 527 92 313 66 490 198 763 264 372 370 395 433 340 189 210 898 872 195 198 713 185 238 38 928 651 638 149 943 123 631 43 66 976 819 335 82 762 193 142 635 822 650 805 386 2 309 870
228
656 570 617 728 204 5 177 967 745 574 986 905 497 538 286 942 666 792 74 326 203 103 305 105 957 453
928
857 54 497 772 791 669 970 363 503 298 90 270 990 353 137 563 799 975 315 960 999 901 85 3 360 394 129 725 420 571 369 940 28 440 504 75 593 952 487 41 10 278 312 1000 439 248 501 553 872 829 989 243 514 430 26 716 619 87 604 483 108 500 465 967 407 316 975 749 340 906 709 982 671 731 733 196 1000 24 567 617 323
422
108 412 585 587 241 949 287 637 655 419 226 68 303 763 417 519 966 58 661 752 430 747 238 550 275 437 596 293 947 621 651 698 39 209 301 36 641 436 856 983 163 974 35 250 385 463 574 501 544 607 40 164 781 852 309 142 526 1000 796 443 522 902 742 179 957 935 906 355 944 364 495 308 408 250 577 85 379
882
83 348 649 455 908 438 91 901 500 34 168 810 636 368 102 913 726 340 274 739 395 787
634
918 87 716 409 876 951 162 58 323 313 19 767 757 934 207 538 333 43 291 912 716 722 714 414 650 520 209 326 25 840 83 219 296 170 751 890 852 461 443 684 419 158 366 527 76 56 11 672 408 561 525 634 590 605 208 102 279 685 988 857 283 187 303 695 681 99 909 944 654 850 906 934 452 736 693 527 403 510 838 608 544 105
132
106 696 718 771 682 653 118 215 801 493 875 559 526 261 728 348 963 508 331 674 666 783 11 505 85 997 453 719 184 609 146 977 271 198 435 925 881 82 302 250 653 410 811 921 127 478 738 129 373 954 851 705 926 816 931
349
493 857 153 358 528 627 248 266 895 964 432 627 764 987 487 945 124 518 985 773 396 208 492 299 929 188 733 859 558 972 455 500 784 282 358 466 36 397 813 60 557 498 337 53 77 554 251 651 620 277 422 609 204 934 798 822 595 770 731 526 408 223 612 794 389 765 719 884 486 524 838 186 717 678 481 993 518 641 226 771 970 677 500 323 9 770 507 74 676 547
855
763 808 159 600 328 452 553 579 484 611 196
110
401 327 844 299 236 785 544 280 300 521 982 211 538 638 457 735 971 649 88 311 644
807
341 871 745 422 836 199 44 992 291 872 410 399 945 723 673 345 291 49 75 968 267 418 889 310 501 261 39 251 721 174 240 373 683 556 219 238 21 371 733 362 62 711 40 178 966 548 312 704 402 433 512 962 110 747 923 524 15 697 523 185 332 91 437 24 835 787 363 444 578 798 835 571 324 646 868 624 865 342 651 636 176 47 563 455 524 229 931 201 537 631 61 905 187 694 605 320 894
609
953 329 986 327 802 505 562 497 874 864 11 492 549 282 181 518 6 795 768 75 609 382 736 563 457 827 187 842 608 234 310 689 469 989 827 189 940 163 682 821 120 843 95 690 839 411 588 380 603 648 669 596 663 12 293 537 296 148 77 607 956 652 644 216 852 72 105 107 358 57 656 914 415 793 480 58 8 555 868 865 927 56 369
174
749 236 8 647 419 482 444 645 875 67 700 903 691 738 958 755 590 836 569 8 52 314 706 327 194 278 77 344 75 40 569 458 346 335 960 464 571 766 522 97 17 25 850 416 147 534 122 409 720 621 476 103 468 279 288 689 295
162
688 72 618 203 981 898 721 871 107 478 772 517 282 888 749 278 720 35 498 972 821 521 862 56 538 196 141 322
458
527 14 946 31 935 905 4 655 81
915
728 765 379 881 209 64 764 424 393 239 586 7 610 869 247 629 309 804 767 573 758 155 6 912 893 557 598 685 788 110 97 568 881
189
368 127 413 689 710 677 548 322 968
257
749 659 979 715 47 637 689 203 17 959 644 642 553 645 186 16 642 67 845 469 119 551 840 276 186 915 385 96 591 36 274 653 698 788 79 256 758 740 870 151 732 35 175 384 60 752 849 574 931 72 635 817 187 365 107 429 76 690 743 136 278 332 793 677 676 739 291 502 158 509
573
232 721 718 835 741 606 47 240 551 539 672 847 379 18 361 711 900 680 634 272 633 672 716 220 325 109 501 680 917 764 399 198 325 471 697 669 926 62 527 750 424 906 324 730 119 213 989 704 44 884 363 552 723 338
505
91 438 692 770 804 340 70 11 202 781 538 269 77 197 360 399 136 677 970 537 603 814 655 323 870 633 407 300 360 933 534 975 415 662 899 956 152 947 114 520 416 623 852 281 306 664 157 205 329 450 840 72 196 186 355 300 78 62 142 786 205 396 477 539 635 663 121 594 133 663 736 38 641 318 747 990 8 98 922 677 734 369 178 416 514 257
942
518 439 835 515 227 253 341 4 513 926 122 57 822 814 32 961 935 525 669 241 484 263 442 849 559 175 899 66 375 261 383 666 934 192 934 489 687 130
810
316 542
527
674 499 909 21 367 261 921 757 841 24 48 654 761 19 64 899 247 403 805 675 176 285 515 204 534 845 105 168 870 556 193
375
592 825 680 517 567 19 868 95 277 866 686 539 168 620 913 418 373 703 847 554 703 534 197 832 961 452 920 568 499 84 562 994 74 839 614 868 468 308 523 402 327 34 581 409 13 637 961 646 141 504 820 146 370 154 687 831 918 568 180 76 354 527 213 310 846 882 508 754 855 463
747
996 884 458 381 146 564 256 386 144 108 498 421 381 377 566 170 930 602 613 467 445 9 896 904 795 11 865 808 755 704 98 991 898 29 14 500 686 105 699 508 423 931 557 520 695 287 695 651 604 529 729 94
836
614 960 668 790 372 327 147 617 501 37 177 389 242 697 409 720 578 484 226 816 981 622 248 847 491 522 274 855 770 849 224 549 690 20 312 109 543 687 231 982 391 625 617 754 776 496 253 185 46 531 364 167 532 849 259 498 622 637 605 263 505 533 731 548 209 441 350 432
808
472 722 478 182 239 460 98 105 251 246 891 648 611 73 98 480 589 49 514
555
480 64 58 95 433 974 291 53 95 41 586 682 915 815 62 79 252 686 764 809 608 753 337 780 387 301 805 620 394 180 546 895 956 743 141 55 414 473 890 736 214 285 582 367 697 852 256 285 887 218 249 138 475 77 351 43 820 379 312 456 958 669 316 160 495 32 170
457
895 52 401 690 321 464 558 921 749 2 83 932 171 872 760 68 949 154 411 109 782 342 327 407 49 880 678 435 854 550 732 658 174 845 158 191 634 553 170 972 221 3 268 851
570
900 817
232
372 753 109 743 857 916 162 171 792
282
492 542 529 875 683 704 751 534 503 786 392 446 294 363 974 566 562 87 27 370 246 345 444 263 335 6 716 441 541 643 589 648 436 48 884 234 213 489 860 938 456 560 91 670 875 817 570 741 709 731 288 980 976 580 158 117
443
137 739 236 251 416 47 556 582 992 866 552 741 553 361 122 794 483 457 682 119 372 910 621 401 837 593 74 855 147 584 491 986 389 71 961 333 903 491 472 36 334 88 693 207 435 133 283
379
617 819 133 251 457 425 907 984 396 398 111 330 396 711 554 686 473 785 253 663 765 39 834 446 778 38 704 682 442 974 199 717 426 52 450 694 241 87 532 369 528 952 841 784 84 335 838 595 371 461 21 788 554 783 69 761 835 857 751 972 449 726 768 485 704 835 290 524 306 557 61 591 668 622 834 930 80 144 862 290 637 784 303 52 948 288 332 622 872 302 909 797 224 216 464 971 303 246 451 84
822
568 678 505 202 141 446 205 352 184 546 118 858 335 816 347 553 521 736 18 778 607 286 155 279 919 818 297 881 666 323 524 467 478 923 59 522 873 799 864 902 376 220 817 980 494 252 760 963 127 448 366 68 241 695 944 441 284 473 689 140 926 203 73 701 742 479 71 768 393 912 935 545 671 995 999 536
425
266 494 613 720 560 119 985 498 131 582 510 546 474 310 126 257 26 934 438 116 27 910 341 907 158 895 166 184 794 355 489 470 271 779 661 414 787 49 742 704 176 264 507
204
458 824 111 280 48 137 824 798 566 294 305 295 249 381 646 983 351 96 126 483 575 434 651 896 753 613 489 627 185 23 667 352 771 198 293 219 170 260 818 834 994 706 280 893 154 886 998 755 167 328 607 508 651 484 164 883 971 698 330 671 912 926
770
14 982 573 614 992 591 372 480 676 946 368 862 913 258 888 415 659 638 352 217 704 782 34 731 492 112
589
333 490 178 465 987 357 759 871 525 703 525 978 685 801 492 166 166 34 359 346 611
510
452 485 237 498 548 18 970 565 628 893 912 523 322 867 730 836 638 613 153 55 741 89 840
468
442 269 777 566 219 660 922 210 447 803 658 334 772 405 433 979 771
948
495 239 330 235 962 38 574 698 756 935 415 244 303 219 706 76 783 29 695 235 315 599 581 442 308 576 525 437 441 701 305 96 905 488 82 599 226 302 637 6 562 523 608 31 576 619 114 119 153 235 717 666 505 853 894 394 561 695 418 480 705 295 835 194 887 346
320
104 322 773 86 671 937 791 300 502 589 955 330 159 381 303 123 496 963 730 76 163 460 673 38 674 77 329 125 794 90 249 820 560 770 544 760 40 667 659 511 901 615 590 310
592
48 193 636 760
497
108 566 448 444 628 548 77 812 745 815 130 628 169 278 953 186 486 668 850 891 270 596 103 938 998 966 724 228 571 160 12 859 849 448 849 695 7 638 679 701 436 983 915 938 214 522 722 63 843 294 325 793 604 109 424 166 667 121 930 263 85 190 1 607 676
570
890 735 863 153 677 769 73 125 320 221 49 991 337 376 936 574 774 727 379 761 998 704 558 896 353 392 81 218 28 901 720 181 359 399 309 975 427 517 870 568 452 381 558 217 57 914 619 999 2 697 49 772 629 856 119 653 682 347 417 721
331
376 128 664 85 855 280 645 987 103 494 328 267 862 853 265 215 412 511 749 593 629 197 449 374 98 337 258 607 518 604 324 149 741 238 166 985 313 417 583 15 649 84 53 11 405 150 913 405 332 111 789 376 995 507 792 475 920 634 696 140 865 576 830 295 242 127 601 813
355
183 44 592 898 988 918 560 203 194 476 10 505 560 750 284 329 461 905 717 434 190 704 614 135 777 117
887
143 895 756 871 253 218 99 88 927 312 295 200 37 80 666 251 9
132
466 790 903 747 635 515 47 112 10 422 196 97 854 748 390 541 687 351 36 241 711 814 948 647 138 10 596 901 471 711 893 429 49 47 548 943 157 65 701 74 632 149
764
353 881 24 944 400 650 320 211 87 84 235 250 136 384 219 683 940 143 848 234 864 372 687
394
621 231 175 939 216 270 177 768 272 724 825 346 230 839 289 812 197 578 324 11 15 897 686 584 556 802 55 29 566 279 696
328
588 138 953 809 343 912 474 582 73
153
154 865 531 384 448 61 182 359 575 924 86 793 541 348 251 863 853 970 991 335 983 37 305 205 301
41
437 773 394 906 529 236 726 354 760 62 163 342 755 653 73 338 360 947 432 15 757 478 1 613 400 938 929 320 612 865 705 116 996 428 897 607 91 617 414 865 890 544 376 526 504 232 275 38 643 203 45 977 768 745 130 470 161 323 588 716 684 885 728 540 537 197 396
399
981 443 994 558 509 782 487 368 550 674 959 937 435 66 967 657 191 727 914 13 1000 96 182 55 217 629 219 376 207 179 342 233 390 628 752 874 128 102 944 296 722 699 623 853 400 278 289 494 492 695 611 491 128 229 947 909 174 186 140 262 91
381
245 981 845 689 518 517 193 889 203 761 179 729 206 613 339 319 667 23 811 148 812 82 115
805
516 92 486 270 872 364 334 443 61 778 191 355 995 501 832 231 85 286 162 423 730 312 800 831 912 688 500 646 729 386 669 887 119 982 81 345 711 247 20 851 636 81 467 655 471 731 224 495 585 727 853 954 486 885 413 851 703 974 823 80 245 267 667 167 567 695 33 669 761 234 50 270 902 593 828 822 101 316 41 875 230 150 908 228 420 98 864 848 556 797 677 130 477 179 478 516
572
980 903 56 700 22 721 973 30 970 297 524 350 332 139 772 628 208 73 433 316 977 700 907 363 411 893 970 473 631 239 739 44 269 987 787 553 874 494 549 13 742 993 288 281 349 783 930 889 304 536 110 440 259 925 388 999 126 769 33 211 603 737 44 988 459 387 68 690 666 307 268 523 517 242 868 364 333 562 80 316 768 111 710 614
583
838 248 55 300 249 971 608 210 996 668 434 977 119 34 384 612 773 688 783 216 714 595 420 779 883 46 255 524 299 631 469 865 6 464 386 507 133 340 945 677 499 394 94 438 731 185 656 198 353 630 168 614 575 245 706 675 407 596 156 789 650 864 145 381 709 849 469 7 325 246 294 810 458 267 171 7 926 454 417 850 772 532 274 815
264
768 541 559
843
23 449 212 104 14 296 482 893 629 342 864 275 88 988 941 103 323 748 43 369 581 153 96 809 553 826 977 74 493 440 70 173 330 852 554 329 459 846 927 158 570 995 365 794 955 672 624 611 189 496 687 339 962 837 496 325 88
191
812 639 242 651 454 627 771 322 557 603 762 150 595 273 432 436 496 248 98 80 617 408 434 804 112 623 765 437 565 964 891 151 67 760 900 95 397 594 345 929 230 434 143 434 292 198 628 906 338 959 306 674 198 200 287 110 108 885 187 248 822 350 505 362 868 377 633 354 961 77 340 452 646 50 588 782 559 977 572 742 562 864 635 570 766 278 556 75 464 497 968 776 686 221 529 410 117
198
806 94 944 787 996 695 186 95 253 897 751 709 100 945 554 999 902 719 396 726 470 379 464 510 294 705 747 143 73 754 421 905 880 350 449 869 884 899 441 378 542 701 375 132 140 1000 766 863 916 769 568 133 729 393 492 550 549 245 181 510 43 932 211 632 415 25 619 965 631 950 131 4 348 301 359 638 609 207 745 353
269
