1000
500
749 546 602 307 648 83 305 880 26 482 478 937 108 397 538 28 454 352 831 855
101
721 580 324 135 274 279 112 817 229 146 22 856 18 715 875 519 211 251 683 429 671 732 739 843 738 609 133 83 849 783 613 404 478 87 425 830 918 695 342 542 342 758 241 456 37 638 858 847 152 425 508 793 41 316 793 890 433 25 687 759 562 590 975 109 555 616 17 82 214 669 476 476 148 644 483 508 203 499 235 986 313 65 396 703 212 287 5 888 841 674 803 744 889 22
878
703 698 581 965 936 151 868 683 251 157 168 908 307 520 889 124 469 274 547 346 938 327 160 58 100 485 114 453 701 744 160 408 772 389 987 599 435 293 397 686 894 621 559 888 692 636 263 778 614 576 326 33 645 30 919 609 487 940 773 479 583 413 686 158
873
234 353 44 939 205 2 77 509 963 931 94 705 415 27 374 415 992 749 639 898 411 453 206 132 392 28 897 55 200 25 647 77 417 46 289 280 81 592 118 793 948 310 264 837 253 804 924 421 891 33 984 541 252 876 556 633 4 695 803 663 666 26 395 100 165 427 378 127 283 648 713 136 72 250 161 951 30 195 395 326 66 445 888 552 231 813 40 12 96
722
109 924 889 351 972 787 499
174
596 138 155 406 60 473 211 338 212 375 609 115 164 443 325 318 521 742 909 500 478 262 304 166 626 136 695 920 966 453 999 968 414 781 345 338 195 37 982 972
726
161 35 834 251 86 999 448 286 580 243 447 439 291 546 494 155 774 317 739 53 201 723 140 430 654 974 711 587 983 471 571 50 836 285 489 143 394 429 699 817 183 749 757 635 383 62 898 118 986 415 284 741 535 270 206
211
116 638 530 105 54 889 328 83 36 935 580 519 835 819 689 999 904 236 355 861 378 866
766
846 88 118 639 400 638 908 828 812 161 157 488 303 514 918 169 437 976 135 795 746 770 362 764 256 168 422 656 67 796 152 132 626 34 90 175 920 697 618 859 741 896 64 656 402 706 702 987 554 925 145 560 30 269 428 942 36
504
18 247 361 34 19 440 433 760 934 490 689 390 762 642 466 720 363 406 143 223 851 40 823 808 532 520 342 326 354 524 79 444 262 867 102 240 376 351 961 206 609 219 160 60 860 334 208 205 850 4 369 872 424 26 878 47 44 60 435 502 692 972 805 214 584 966 709 370 602 806 72 147 754 610 965 417 722
474
636 711 825 376 642 943 544 748 70 83 308 801 969 259 23 85 820 530 105 138 730 280 614 733 942 850 521 388 445 499 203 259 331 922 808 497 699 572 732 478 48 217 714 411 142 369 354 403 692 955 675 268 37 269 475 418 914 99 43 932 386 280 110 636 611 938 761 398 396
581
62 889 962 338 310 917 513 943 434
755
11 245 818 836 206 728 247 862 71 969 541 660 945 471 559 81 852 191 837 545 145 796 105 624 800 304 134 856 8 174 382 30 549 722 641 333 511 994 266 694 661 662 379 520 19 870 5 538 632 500 231 968 167 151 859
228
293 554 3 224 321 697 267 221 965 276 37 293 854 557 109 168 651 534 136 1000 216 384 777 363 512 540 658 714 8 2 181 991 516 826 182 355 598 655 392 426 286 430 909 538 648 966 967 468 671 855 786 975 792 161 391 219 651
830
395 426 5 198 469 851
800
665 893 470 273 855 866 626 446 341 764 482 586 225 755 181 212 825 940 451 391
857
910 114 367 585 71 275 913 583 363 348 736 465 309 465 789 33 752 5 215 606 174 119 281 730 786 23 258 663 347 270 155 990 167 137 417 536 393 994 684 208 938 731 378 116 498 82 49 747 368 159 426 575 797 404 173 303 944 14 425 903 565 723
355
637 718 749 326 260 958 884 443 112 138 530 898 172 3 265 981 140 167 852 900 890 76 498 723 508 160 622 715 982 884 615 190 950 508 704 155 297 988 335 551 534 126 174 614 83 596 414 935 726 270 350 504 709 842 770 458 697 464 421 652 306 521 737 245 117 490 938 978 826 413
693
991 303
345
655 914 217 720 912 573 608 211
521
412 820 659 189 523 302 463 165 733 806 246 111
499
7 408 35 77 851 321 374 237 99 261
426
696 617 248 583 223 139 687 890 620 723 895 548 466 337 531 938 716 890 432 801 37 731 675 406 862 749 729 977 844 368 578 694 427 357 256 247 950 188 582 174 37 328 731 190 152 187 13 571 888 996 43 555 295 598 546 964 985 587 295 561 907 81 89 1000 355 859 571 572 620 591 769 87 642 433 477 196 74 514 246 916 844 873 40 525 525 394 80 256 358 517 965 766 751 796
924
559 926 95 388 748 626 464 969 809 473 240 565 690 973 23 121 702 19 277 270 970 449 915 23 331 540 497 870 242 887 648 196 880 137 34 795 234 477 513 889 660 538 478 58 694 694 431 797 911 133 438 462 621 328 35 631 739 884 903 388 221 896 26 952 732 96 377 803 197 412 998 653 488 244
433
887 797 967 534 227 853 565 728 720 406 802 638 332 414 91 884 643 661 797 962 910 605 116 906 821 8 62 39 573 851 221 347 90 599 845 476 214 852 990 279 58 980 738 15 27 766 751 995 607 860 850 563 249 244 786 815 59 141
430
522 100 10 700 415 600 298 275 310 576 597 564 392 319 528 89 323 870 637 942 556 564 184 441 352 897 74 761 324 506 955 393 930 46 259 404 21 980 502 908 3 411 692 911 291 240 228 793 57 920 794 867 984 710
777
292 627 146 438 717 64 529 744 289 915 494 445 146 181 462 346 7 434 376 845 612 556 583 93 838 552 200 363 638 970 486 445 372 397 855 921 379
262
765 402 237 33 706 271 107 592 620 370 363 207 695 7 502 635 49 490 834 218 38 28 470 632 704 280 589 506 534 735 652 230 111 272 183 269 432 269 170 277 277 914 398 861 706 774 900 946 583 417 804 57 805 595 575 132 115 50 664 658 927 37 474 239 1000 916 368 27 547 660
402
643 800 487 654 275 339 90 996 768 960 112 961 903 697
689
904 563 832 90 167 769 876 75 238 22 40 46 61 414 696 290 396 875 173 917 88 277 149 446 445 121 452 701 718 51 637 971 92 21 213 596 143 622 869 854 36 129 900 219 780 925 295 803 429 330 609 683 938 526 38 184 829 967 263 490 510 980 854 139 399 573 7 215 208 118 201 271 493 770 83 728 914 127 655 639 197 362 575 573 451 557 555 565 597 899 402 144 14 343 346 778 300 871 947
325
107 76 689 338 91 426 103 80 159 179 490 824 507 878 955 550 267 134 547 481 164 294 272 272 237 69 584 189 920 447 199 234 223 962 745 541 82 780 391 476 348 790 165 833 806 540 979 202 313 624
204
216 857 626 948 910 123 742 284 658 7 459 397 348 188 880 481 354 840 652 391 661 33 317 79 57 349 97 287 768 651 267 827 987 721 989 790 813 735 915 500 318 815 43 836 675 470 700 686 851 214 771 534 669 281 958 459 880 210 818 710 723 713 607 56 688 795 519 700 415 137 440 636 339 527 406
364
523 26 639 543 53 130 447 596 685 958 492 680 699 535 931 177 181 238 758 543 289 710 578 72 405 453 259 365 236 932 152 55 803 463 57 808 641 712 504 558 683 343 970 910 59 412 657 652 401 741 355 124 266 19 341 192 196 895 953 255 665 615 721 767 226 723 491 634 425 791 161 660 131 934 939 198 156 383 479 285
164
770 313 463 603 313 158 607 345 58 426 713 940 663 641 186 913 116 791 334 377 793 977 331 58 971 534 394 972 716 260 798 686 689 479 857 32 664 150 987 378 308 648 799 2 980 868 727 620 342
355
946 644 279 186 78 806 483 318 13 80
371
143 522 928 254 712 130 348 65 473 872 385 91 153 779 777 537 956 787 921 341 887 130 536 259 114 986 161 519 157 611 793 203 298 155 231 682 692 283 76 990 356 725 600 323 72 83 204 407 79 488
446
431 2 32 593 25 452 576 239 61 539 933 256 70 15 785 602 510 604 227 622 215 807 467 375 893 696 495 219 296 893 976 976 615 520 753 577 413 516 534 200 961 5 835 529 480 80 845 183 92 62 751 16 755 989 454 758 224 144 324 675 696 343 628 552 918 778 144 359 913 347 170 40 616 8 919 116 253 930 269 702 116 880 956 834 326 109 127 696 980 80 436 889 838 971 820
443
521 399 202 810 866 173 341 202 983 610 935 942 793 569 729 442 242 596 941 24 256 482 752 5 6 968 111 853 888 633 877 236 303 597 430 632 910 197 338 95 519 174 896 368 932 199 972 122 284 482 571 424 311 337 504 452 640 172 187 765 879 16 419 311 70 462 120 323 828 673 570 170 942 173 221 272 184 571 742 93 662 307 790 630 231 754 628 995 102 715 497 830 90 127 44 933 102 932 738
368
244 992 898 698 729 867 51 984 499 491 448 158 816 669 404 557 527 787 801 762 943 172 121 929 748 576 497 837 908 648 371 732 726 754 853 464 880 290
299
622 908 54 934 421 318 757 511 915 232 679 858 108 578 331 447 641 817 122 282 243 879 865 833 193 60 716 358 673 142 918 607 212 253 457 769 199 963 197 32 619 246 326 573 801 6 935 527 378 522 317 179 64 647 925 715 30 884 211 72 247 532 586 603 587 516 933 522 713 829 145 542
424
220 805 194 320 878 546 129 153 774 20 152 73 425 15 465 616 240 170 309 941 482 102 297 128 13 969 552 316 873 198 224 300 995 24 251 561 413 30 231 744 952 785 526 436 394 699 722 394 93 271 218 522 959 34 997 807 987 800 403 403 596 720 104 857 914 115 154 936 352 236 148 835 462
46
816 577 168 863 553 384 844 782 951 903 555 997 901 512 29 338 429 641 234 465 239 541 184 686 901 514 570 479 140 850 934
195
150 967 406 315 980 657 957 39 345 441 713 210 814 144 36 422 58
927
626 323 876 645 48 221 843 751 13 368 64 586 804
306
352 870 859 623 996 317 657 403 999 197 298 625 997 940 934 155 438 296 89 106 346 516 866 116 989 336 524 380 789 35 860 241 143 699 984 183 990 218 952 348 329 315 963 492 875 162 471 931 631 162 542 959 800 856 950
515
505 229 753 606 999 82 942 809 631 521 317 367 601 793 4 272 129 435 11 562 7 55 506 569
129
440 846 244 785 48 812 421 886 482 316 966 20
528
182 592 449 570 830 446 440 229 327 246 839 561 156 868 65 588 81 661 993 437 84 712 907 29 715
850
170 960 4 251 859 503 254 494 298 579 777 113 738 602 512 546 578 630 358 750 870 970 354 896 459 229 146 874 721 705 366 721 269 427 855 351 922 635 825 213 311 175 348 879 182 318 271 761 583 267 227 766 235 289 183 961 75 159 573 775 805 432 123 880 930 646 881 401 223 952 606 468 593 899 41 958 972 727 67 619 858 21 589 813 638 543 669 996 441 485 104 692 777 39 896 555 900 230 888 973
826
615 289 727 969 531 939 198 469 99 708 606 143 193 907 978 870 855 324 779 462 370 348 84 799 30
415
687 488 210 957 766 265 946 858 45 447 544 414 417 999 535 296 85 64 401 753 509 900 415 768 217 161 574 793 557 593 518 317 837 622 255 169 465 150 59 332 873 820 914 141 650 862
649
635 783 58 774 437 965 416 587 749 428 651 238 115 70 480 308 606 156 663 142 214 23 460 736 273 43 960 684 226 940 214 74 496 563 680 713 183 815 624 767 312 714 499 643 471 22
162
360 587 173 632 825 418 138 268 64 840 384 196 768 351 40 189 486 423 413 600 948 297 997 565 598 423 812 864 76 607 602
693
801 707 357 261 815 473 730 271 686 915 978 804 68 217 581 724 559 107 765 661 84 955 264 456 196 505 365 334 284 973 90 274 225 337 847 446
331
309 86 940 153 742 336 530 831 210 531 184 453 800 116 407 775 706 242 385 688 699 234 331 619 787 478 413 527 537 106 860 933 133 46 817 684 774 94 216 810 973 914 425 476
896
926 275 881 770 262 640 276 226 743 797 243 476 681 621 526 284 798 828 669 330 444 27 141 642 673 318 944 844 110 905 650 990 593 431 548 243 191 317 65 872 954 562 140 195 272 613 556 404 416 700 989 380 102 115 800 247 635 974 968 135 324 506 706
205
598 382 561 816 352 314 437 563 729 966
784
523 461 776 285 935 452 514 912 434 90 491 965 13 528 135 806 554 192 225 652 860 401 597 817 675 698 473 453 877 71 34 752 633 588 447 870 371 681 818 201 354 469 253
880
449 876 240 91 3 845 102 76 157 524 134 591 5
178
689 351 946 108 895 63 413 928 712 80 467 828 797 98 426 41 184 886 89 273 701 349 977 101 402 239 259 199 38 53 158 85 615 528 833 710 962 311 563 417 243 54 32 799 994 392 824 517 832 119 101 644 721 779 61
973
358 719 101 936 437 396 563 492 125 855 904 261 746 318 857 123 79 291 165 303 696 294 751 676 168 683 750 457 708 332 678 50 128 195 764 520 898 370 573 962 435 788 931 379 402 245 411 446 838 732 298 384 620 903 202 326 527 67 466 836 798 337 445 615 985 250 257 942 854
321
565 313 712 243 496 811 801 296 555 405 736 308 675 717 826 181 218 700 656 963 886 462 813 196 181 324 497 378 239 480 653 19 528 40 987 770 657 787 248 75 304 172 622 378 704 656 58 939 197 372 4 117 816 700 524 885 344 387 272 547 957 728 768 694 567 854 70 199 74 985 966 42 659 766 212 283 321 944 397 584 456 344 935 68 335 547 580 303
444
110 219 70 109 761 928 658 586 882 475 849 151 195 505 447 281 715 430 833 298 827 879 599 788 862 383 377 135 300
954
941 854 472 909 496 358 224 817 130 558 470 916 694 198 641 918 440 260 702 854 338 280 598 463 573 508 803 438 335 806 310 642 1 302 204 868 976 307 790 873 494 274 885 252 122 162 509 457 65 281 481 441 396 697 807 677 169 24 932 123
312
486 260 395 760 58 343 730 125 325 928 245 736 892 29 955 755 253 832 436
714
824 756 134 117 977 627 896 724 463 282 517 439 917 433 483 213 360 844 557 10 432 353 184 822 21 551 250 729 59 828 417
999
686 866 611 923 507 875 322 769 846 381 921 971 354 936 996 977 352 727 954 676 851 443 982 948 598 901 607 27 752 230 461 349 955 618 202 610 832 214 345 46 220 636 146 239 898 451 617 236 673 128 802 721 943 145 768
468
779 551 689 81 871 829 925 428 649 456 626 998 398 454 664 72 944 465 554 66
531
275 832 507 862 604 646 858 956 357 529 890 246 651 682 741 544 309 970 178 39 916 578 319 231 413 964 982 677 456 166 98 411 891 730 142 220 312 653 780 815 590 775 411
350
892 710 342 821 772 980 113 81 885 950 125 530 694 335 327 60 532 131 661 851 139 472 757 40 176
221
630 251 902 29 758 889 471 835 520 682 79 319 441 615 111 458 195 361 568 494 108 716 76 930 196 713 337 873 623 34 629 947 424 408 270 137 542 482 138 102 610 848 421 642 271 322 748
16
189 64 636 728 940 658 623 380 663 711
307
386 654 8 753
758
877 630 90 28 97 723 982 795 577 211 831 800 865 480 392 58 623 378 805 299 381 898 472 345 361 212 628 297 799 648 415 128 551 570 417 673 999 649 614 966 607 683 817 528 69 107 651 556 134 260 474 957 813 336 828 11 578 324 364 772 875 302 321 600 48 179 770 89 570 42 869 194 832 265 170 624 526 68 841 976 917 67 723 916 186 887 274 6 996 689 367 995 152 991 634 374
560
585 515 921 869 337 995 275 313 747 877 805 716 44 574 306 212 64 588 832 590 910 21 900 877 255 467 951 625 833 607 478 157 965 939 278 346 376 324 519 701 867
268
127 736 153 592 930 27 633 880 964 263 837 243 851 428 643 832 618 684 556 516 418 530 415 510 384 765 19 24 141 645 786 80 453 783 225 944 753 981 601 425 952 730 792 556 333 174 722
104
607 724 710 882 609 98 885 223 268 798 636 901 848 493 336 220 808 665 688 300 651 487 321 966 810 734 230 8 657 320 588 513 852 973 502 634 213 540 474 501 235 420 957 370 272 295 273 90 420 289 683 348 980 40 306 830 309 159 866 553 392 466 76 660 835 948 266 4 410
362
244 873 228 493 607 173 513 84 697 18 558 878 150 34 341 483 486 629 469 360 14 469 902 831 506 198 452 592 720 917 330 113 804 182 791 51 301 96 252 943 987 796 425 426 2 912 195 41 363 482 492
935
685 428 655 294 57 973 624 914 562 935 654 612 344 289 386 94 93 29 816 861 201 964 907 305 91 874 238 153 475 440 241 391 736 300 32 64 496 667 631 179 250 447 123 542 251 210 437 579 780 771 186 388 355 869 875 991 454 149 22 180 167 311 490 273 757 193 850 26 949 861 548 32 653 525 29 872 130 121 993 765 529 532 936 600 454 371 531 344 546 66 844 6 679 922 125 283
43
101 214 963 914 47 663 171 443 52 240 744 299 757 169 146 544 884 837 137 717 722 245 195 341 823 642 365 896 416 988 148 451 48 993 417 971 689 144
31
276 453 179 304 369 262 83 156 918 385 540 64 462 619 252 163 646 502 682 288 757 221 261 177 736 845 595 698 592 815 978 816 992 476 512 988 537 104 884 366 725 723 450 556 699 451 97 301 996 875 936 760 314 190 849 808 196 868 578 833 843 915 18 5 357 866 696 528 188 587 695 703 482 182 983 138 721 440 878 509 843 105 125 672 505 57 617 473 293 242 993 440 326
497
95 152 474 77 19 183 560 353 457 541 558 520 750 231 500 425 969 344 178 975 389 870 421 221 232 115 869 330 684 442 185 369 129 158 391 700 822 403 270 493 888 739 65 590 523 618 851 157 743 647 826 216 461 595 790 507 234 932 526 470 511 676 739 837 590 135 498 37 520 687 849 171 739 557 39 409 363 515 973 846 415 568 231 24 581
48
923 939 727 551 344 597 279 658 427 21 447 239 459
904
936 241 428 332 504 832 27 15 411 799 119 840 779 530 337 579 192 212 499 482 251 767 567 60 674 260 79 812 815 654 468 327 103 532 124 614 744 139 950 64 256 291 504 707 105 941 771 657 187 486 532 988 237 245 933 303 873 704 60 342 999 114 920 100 479 390 886 775 758 838 842 35 744 715 845 425 338 94 166 992 928 793 26 133 828 226 700
610
17 485 535 588 487 310 36 665 234 314 533 820 203 408 691 547 908 625 879 95 105 190 882 344 247 281 494 574 912 131 54 578 428 508 651 916 86 850 252 940 85 315 122 968 875 728 189 279 34 943 971 918 190 503 850 842 177 412 699 620 164 11 107 604
83
372 521 700 524 530 900 272 266 759 890 450 11 997 243 226 153 455 385
692
527 755 182 743 605 713 334 781 227 838
816
90 466 504 424 181 187 306 756
561
335 410 163 992 97 292 12 836 419 144 950 761 320 517 239 396 698 374 582
486
577 886 524 989 256 602 876 590 882 436 23 523 352 527 22 916 700 864 620 655 462 878 209 312 364 970 842 586 173 454 492 763 386 866 943 797 245 740 488 586 308 470 258 816 287 638 750 933 227 515 560 605 406 129 84 357 87 586 584 534 165 237 980 547 555 710 253 613 764 480 992 511 166 629 725 93 316 309 394 943
274
395 328 331 71 952 203 914 855 817 166 616 869 563 475 463 512 960 420 323 335 585 321 806 606 958 129 844 498 542 219 603 363 936 566 348 527 296 914 296 11 689 815 26 825 870 197 590 929 451 403 611 812
502
264 465 927 124 242 544 977 512 720 968 145 207 972 442 562 545 726 917 408 634 565 381 323 167 623
90
448 940 153 715 104 319 536 265 351 371 79 179 863 1 428 938 678 247 700 355 252 68 430 919 712 344 207 770 834 415 512 936 573 961 297 798 192 302 901 979 918 617 602 712 240 416 300 601 687 909 263 468 233 800 381 929 770 467 334 788 426 775 283 393 477 820 27 979 671 448 242
882
400 527 304 109 13 262 1000 266 467 615 210 122 224 356 248 409 894 500 35 771 460 6 281 6 32 126 149 220 230 734 582 325 138 928 216 774 848 472 525 277 114 553 412 49 371 768 731 379 194 378 442 413 65 505 288 578 254 257 871 172 628 359 719 118 17 52 754 131 800 993 672 2
98
863 95 385 919 991 459 353 59 646 960 476 281 181 686 515 605 107 533 328 236 336 710 526 451 888 295 645 816 823 410 153 298 853 601 863 151 486 89 401 808 780 862 26 585 444 351 434 595 728 840 854 390 39 821 276 976 563 452 959 48 889 4 500 722 572
832
802 729 500 252 942 7 350 606 179 407 268 607 567 379 660 832 699 661 694 86 420 766 295 934 191 943 429 421 691 330 582 361 922 876 272 581 212 654 318 8 571 953 81 381 321 273 281 147 244 607 706 586 815 968 543 396
609
265 524 595 300 84 562 545 628 284 488 467 606 6 355 920 299 945 207 734
764
224 225 257 31 486 349 436 303 580 583 283 861 702 885 104 395 627 337 943 147 736 751 263 137 280 416 573 472 850 947 589 775 368 680 643 606 823 143 796 805 320
720
107 594 991 968 530 723 663 511 21 44 512 318 269 216 851 766 163 52 899 995 924 324 953 198 686 88 363 64 105 335 813 541 235 447 919 414 412 716 256 606 279 983 503 287 817 704 470 580 423 49 324 4 832 103 927 127 752 607 703 445 284 341 884 81 165 121 703 834 520 840 327 68 50 850 716 251
301
811 576 347 881 273 774 80 899 449 800 332 667 941 666 90 582 3 376 296 126 695 942 352 85 891 846
650
332 459 760 929 129 407 413 512 463 36 54 188 386 952 185 175 94 231 725 482 627 723 467 888 519 849 608 514
284
406 501 166 13 961 984 112 964 570 724 665 944 972 473 872 260 89 519 890 225 886 766 48 562 975 373 390 234 573 630 814 482 87 114 657 809 537 713
473
234 88 690 714 578 203 196 187 575 571 668 586 682 101 32 811 74 274 44 173 41 937 470 74 730 843 9 122 743 992 254 291 142 802 58 83 538 53 404 725 113 937 299 241 470 909 537 54 819 428 746 980 630 995
319
347 861 975 161 514 901 388 85 614 426 349 301 567 844 382 498 939 133 322 577 809 774 265 767 806 211 625 915 348 485 579 885 548 724 171 41 564 616 858 96 893 837 668 470 778 243 934 154 740 973 227 755 585 963 353 193 912 506 163 370 426 655 811 239 948 807 4 182 360
55
218 811 707 829 492 744 24 356 304 667 223 304 783 693 286 513 762 353 505 578 154 436 621 618
406
137 670 530 375 512 584 641 65 621 413 650 82 535 179 617 201 509 945 747 730 610 367 946 519 727 306 799 599 393 596 366 971 474 446 659 119 921 40 278 657 92 884 806 410 142 296 521 44 578 460 1 176 774 126 378 816 850 191 630 475 730 185 543
747
585 290 21 827 506 68 157 616 104 53 866 799
733
901 644 880 135 811 713 419 361 583 995 14 415 823 513 555 481 274 619 556 668 229 252 63 44 343 423 427 354 971 375 919 854 340 724 842 458 613 490 528 506 265 263 567 97 336 750 489 374 128 280 61 693
764
994 519 954 305 653 327 744 452 730 133 759 322 853 58 373 846 684 628 615 894 830 901 967 881 567 652 630 680 920 922 271 755 615 278 187 840 239 24 417 735 713 369 518 681 263 275 91 876 348 221 18 236 718 293 970 305 949 615 387 415 57 814 473 633 442 282 399 73 623 714 564 780 823 550 469 756 557 314 717
572
898 119 644 313 893 790 840 86 700 396 977 204 341 558 788 534 190 942 666 467 168
969
354 693 817 60 934 395 330 292 230 339 599 341 550 393 583 254 330 353 837 642 752 41 522 17 160 826 535
282
133 1 610 650 979 114 842 237 783 307 315 811 727 96 17 489 721 484 122 62 991 542 391 129 278 988 212 261 377 202 418 210 426 717 144 788 138 187 197 92 442 272 122 130 697 601 85 314
466
769 712 67 998 120 287 303 347 634 278 368 317 608 331 875 368 36 920 694 409 957 405 4 81 882 9 784 656 193 741 441 416 71 153 108 711 377 98 904 312 371 71 636 739 110 935 153 978 210 990 791 218 721 392 58 637 769 882 130 290 654 203 247 7 836 177 685 12 471 134 9 800 176 839 933 292
546
950 992 429 744 543 934 94 125 764 847 703 550 483 545 578 727 199 37 656 277 838 123 668 522 63 855 660 235 635 323 934 869 214 734 94 486 412 508 557 865 71 500 662 111 643 909 571 692 857 939 936 332 590 852 623 158 428 20 615 95
596
785 174 943 30 982 343 783 520 132 800 858 895 832 756 862 239 132 301 940 833 184 132 584 152 97 119 216 491 507 313 608 740 504 190 952 63 580 388 157 174 81 6 491 236 937 191 612 559 617 694 220 60 396 365 633 59 771 224 897 683 184
480
706 528 700 797 961 367 364 775 971 182 796 867 894 582 100 215 221 236 966 840 640 720 599 482 499 187 506 253 462 672 251 750 2 594 995 513 524 977 264 12 770 170 788 843 171 17 791 819 726 261 328 916 145 795 524 434 39 625 287 795 240 164 199 928 845 967 404 655 599 834 804 725 307 843 817 821 817 584 201 801 419 194 743 928 777 101 643 468 24 664 742 341 693 539
462
699 44 202 34 590 158 907 272 787 267 477 160 432 667 62 381 294 359
378
379 909 516 268 852 889 237 997 351 386 66 398 836 212 113 615 784 861 407
521
760 241 293 494 394 512 834 741 749 545 115 476 725 17 39 470 854 941 998 651 652 735 561 678 999 388 797 249 680 557 130 606 37 901 744 952 810 697 215 968 228 899 946 544 429 931 228 979 844 463 321 926 127 541 585 150 680 79 221 130 811 119 43 666 124 592 307 547 778 513 417 858 295 189 466 119 765 285 250 683 41 843 388 163
834
136 39 512 569 406 349 373 297 359 730 924 145 930 653 800 626 495 768 694 264 933 729 960 227 67 415 199 697 709 590 395 452 69 858 849 967 45 599 770 332 230 899 33 673 311 714 757 900 433 819 246 552 921 292 990 694 211 459 12 407 74 712 509 697 760 951 956 81 17 809 298 94 238 773 894 446 797 761 322 358 512 4 293 248 363 75 770 600 450 833
654
865
915
530 241 555 316 343 926 757 710
457
524 471 970 838 268 9 985 894 315 433 264 145
91
864 642 521 563 829 609 709 201 194 832 244 739 328 218 666 520 256 755 513 244 236 989 158 106 361 704 835 16 348 705 785 967 503 269 510 622 524 252 6 90 406 588 819 497 255 103 737 726 479 679 91 741 786 834 979 955 940 977 330 508 723 965 526
442
332 870 696 892 495 256 975 438 387 273 765 862 171 984 912 387 683 515 179 631 675 708 198 476 528 261 739 370 366 719 305 59 776 361 278 644 383 851 660 825 876 157
238
328 278 371 365 1 841 476 618 797 337 271 102 159 460 455 479 738 928 466 870 787 101 283 20 400 956 437 288 774 729 223 588 647 739 57 701 842 432 321 301 619 368 424 947 974 274 983 458 395 859 540 558 79 353 662 52 137 522 970 58 882 907 369
695
119 818 107 329 523 761 841 949 478 147 97 902 308 389 320 738 410 224 635 931 899 464 632 356 823 404 809 27 419 996 552 634 671 910 260 924 631 858 589 679 630 58 910 800 782 741 319 230 603 424 466 895 361 769 644 270
469
380 586 53 877 647 820 310 930 241 11 314 813 289 58 769 734 134 122 907 721 293 661 293 213 692 648 180 703 613 777 45 242 490 95 948 734 326 176 596 814 973 944 350 65 4 355 886 166 781 155 823 71 231 878 234 194 618 166 185 302 861 974 248 145 883 626 805 760 276 407 475
210
486 760 452 963 497 204 946 410 201 88 201 996 563 210 701 493 676 718 29 179 195 405 886 271 848 261 742 47 496 473 944 259 800 498
383
40 369 214 850 741 943 255 273 953 4 709 239 447 430 111 946 310 668 181 295 621 624 534 534 328 212 581 379 233 198 195 988 133 650 715 475 560 601 990 356 801 984 976 340 281 478 571 55 329 786 363 973 521 837 37 460 932 35
40
255 983 357 35 633 200 499 453 922 642 610 582 888 822 18 700 127 926 150 216 576 802 124 413 412 374 890 478 625
113
232 810 754 237 993 897 167 861 456 323 220 792 12 354 225 485 78 835 912 711 654 515 622 960 162 928 638 767 977 144 472 123 940 582 772 10 906 185 495 144 963 391 702 436 442 215 880
912
148 816 530
900
142 919 659 767 142 574 414 592 513 701 587 143 954 34 476 761 359 397 747 427 594 976 371 535 99 415 254 499 326 127 937 427 360 597 472 509 404 496 136 878 460 439 220 449 141 136 716 989 246 27 785 428 793 38 44 742 954 998 787 943 270 184 977 931 817 804 763 130 171 875 524 638 704 494
251
581 197 714 978 399 717 843 618 667 140
492
260 522 456 145 49 467 605 823 816 335 580 886 584 330 181 905 163 569 547 553 109 461 779 656 268 970 976 848 417 325 455 470 278 943 545 895 309 273 698 725 763 878 415 589 148 487 666 504 2 798 823 310 36 56 528 408 265 373 681 300 630 109 187 618 75 640 198 112 624 889 361 523 225 578 449 561 28 130 635 849 718 610
183
24 648 638 961 171 840 918 906 555 587 129 892 357 247 746 230 756 314 7 854 512 177 316 326 994 918 486 364 425 642 358 985 70 994 599 822 906 568 885 87 998 265 790 498 402 155 197 963 401 434 635 65 595 638 979 656 663 139 535 994 512 60 18 509 453 386 671 400 291 335 866 24 521 802 337 329 316 829 353
938
545 780 589 966 680 533 311 717 153 972 15 928 200 635 3 399 76 909 974 228 727 983 491 738 834 624 196 182 848 137 323 716 87 630 659 943 505 594 357 171 942 306 969 892 7 629 579 426 316 952 776 115 642 263 954 825 344 821 809 631 493 994 631 368 971 550 11 474 472 832 301 96 291 491 252 104 407 771 823 7 24 345 500 714
534
607 483 806 996 703 552 156 695 140 15 405 246 345 134 465 538 25 520 758 478 967 999 380 166 992 130 830 396 297 101 435 494 987 522 500 810 17 651 667 535 727 641 56 356 570 198 652 642 722 581 282 494 125 772 454 874 122 49 536 898 233 442 776 753 328 671 949 586 703 126 267 64
40
246 723 177 421 201 771 236 694 956 22 82 672 844 601 575 443 230 319 983 925 999 489 398 544 388 742 270 428 659 309 118 909 685 979 739 231 980 579 277 32 354 833 807 671 276 464 601 193 325 658 502 74 718 985 612 232
819
235 995 547 828 394 632 456 572 676
843
280 376 392 940 487 866 182 244 354 505 554 50 261 845 464 384 658 574 345 106 695 529 538 176 767 907 81 918 405 34 462 337 257 632 860 785 82 418 248 832 75 682 489 836 313 598 288 625 672 578 747 492 753 738 875 860 761 577 400 241 302 792 798
776
205 210 13 823 913 498 491 436 18 602 602
37
673 215 28 472 244 531 949 545 565 827 390 702 860 606 893 374 456 676 37 53 171 823 382 836 372 14 550 676 44 585 213 398 556 551 128 39 623 542 734 49 54
470
156 208 612 651 160 950 929 437 846 992 631 270 514 111 423 507 297 545 408 582 39 768 286 59 419 863 792 825 836 809 726 858 414 1000 242 213 169 846 398 414 427 775 749 150 294 583 994 187 125 591 732 121 108 420 466 923 708 207 52 157
792
670 896 976 876 883 73 825 926 602 791 253 474 923 717 123 776 609 692 980 767 718 436 883 370 884 134 119 143 725 733 182 1 352 755 726 967 906 774 11 170 398 280 614 756 734 796 600 803 90 565 198 606 77 307 768 409 891 499 250 649 51 365 738 496 48 85 821 453 208 224 226 593 570 752 366 18 70 733 589 756 666 501 51 594 905
5
223 826 194 315 585 247 357 163 554 987 544 357 870 856 580 314 782 439 497 566 759 186 780 802 614 82 834 86 789 795 413 107 485 460 313 580 816 449 570 932 220 500 295 432 854 877 964 322 313 850 775 81 21 870 704 606 91 21 51 238 947 878 908 818 731 552 205 969 831 712 47 970 980 910 657
411
476 253 59 828 800 359 520 963 404 647 147 34 693 393 294 504 302 631 108 435 72 275 213 630 711 267 1000 30 645 705 704 149 214 325 771 998 465 522 637 592 764 629 384 133 237 357 27 558 584 128 772 215 708 926 87 235 829 481 635 455 352 903 399 366 921 634 639 468 937 83 834 206 885 958 756 254 826 842 493 916 10 689 919 84 469
966
725 299 152 568 434 537 686 165 959 2 363 998 689 862 482 231 326 188 422 578 881 289 520 567 892 213 647 507 128 827 132 566 191 15 925 236 916 434 36 345 902 299 892 994 273 494 341 23 707 803 348 720 359 389 643
842
256 471 803 868 518 170 256 442 649 267 863
154
238 730 371 29 249 480 300 611 617 553 571 604 329 167 843 440 712 688 592 95 665 49 24 1 53 973 301 683 428 791 488 151 997 386 697 110 134 608 478 929 134 515 874 335 981 609 86 346 73 752 422 795 529 570 670 291 249 249 669 246 327 795 565 628 299 889 370 50 970 772 816 420 150 512 287 338 138 827 117 270 312 826 15
731
268 952 987 391 465 299 523 850 487 708 171 223 587 368 141 24 969 323 900 849 150 261 716 886 420 75 377 956 341 412 750 993 133 104 951 377 204 61 123 699 387 735 48 799 719
960
955 430 481 217
494
872 112 623 99 267 95 547 253 841 7 218 404 253 248 281 755 643 381 937 743 163 821 375 580 202 787 243 517 199 372 435 833 167 990 704 892 864 791 65 300 913 317 531 575 882 983 477 889 944 748 561 149 828 230 121 656 311 59 792 241 127 39 724 553 434 748 521 257 369 823 235 560 643 534 968 347 659 936 571 68 269 334 796 991 624 198 346 90 898 819
446
229 19 197
38
27 96 489 336 331 708 9 431 128 459 553 34 585 62 87 705 625 90 92 528 662 344 346 114 26 725 269 369 61 118 480 591 225 179 695 769 989 83 161 773 856 923 272 47 580 796 872 49 232 607 917 217 165 711 756 860 563 49 316 275 635 57 497 768 665 578 35 947 415 426 511 114 69 201 825 962 542 493 219 12 233 445 925 866 86
195
78 759 632 827 182 288 928 616 583 377 557 535 3 709 319 770 67 997 718 248 44 665 71 954 733 723 216 643 862 534 159 839 347 353 547 87 666 9 715 984 685 498 145 878 365 309 190 426 113 663 140 290 732 688 189 882 865 925 280 627 792 909
875
716 514 730 853 132 370 718 632 692 549 935 41 444 506 586 54 285 890 921 62 96 481 269 561 842 529 782 777 148 786 878 231 619 541 586 326 865 252 715 963 666 272
878
920 109 814 287 260 485 200 308 738 224 601 171 394 728 621 1000 243 921 471 438 957 602 213 810 254 227 207 22 509 873 567 925 450 718 481 686 729 652 322 711 362 258 582 913 88 666 954 994 950 81 85 759 370 464 649 440 929 325 158 716 480 58 700 637 69 633 443 216 598 963 229 587 257 331 343 520 191 7
299
922 351 558 403 823 567 422 624 509 130 861 354 119 858 872 819 931 120 334 596 387 257 976 268 279 285 828 605 410 301 350 887 249 333 188 916 411 256 182 243 529 432 673 187 798 815 197 549 563 297 966 278 810 771 112 986 499 404 860 275 691 347 709 315 546 337 426 84 122 594 379 558 661 218 196 116 858 296 580 617 103 607 669 266
766
11 188 773 6 802 700 162 157 855 39 104 809 679 984 364 749 312 704 651
437
542 324 24 723 417 45 392 453 306 410 943 225 845 214 619 332 264 4 737 905 873
992
487 745 758 480 732 171 454 320 322 353 137 763 158 864 145 176 32 522 986 608 403 451 314 591 212 830 424 62 766 831 196 780 406 73 923 570 82 781 963 21 727 260 489 663 269 340 670 804 942 347 978 712 510 419
100
583 620 276 767 695 139 821 337 206 344 393 700 212 469 560 616 326 621 480 598 294 373 159 742 727 446 849 324 755 535 507 553 547 638 88 923 378 759 916 816 292 716 384 374 323 960 149 443 322 366 516 156 752 520 407 962 46 238 193 576 252 594
581
421 271 523 593 926 410 83 338 729 317 74 470 548 335 923 750 284 118 58 615 191 810 5 189 199 683 383 298 625 882 783 849 622 530 64 227 729 152 154 239 289 212 244 332 357 55 654 299 815 711 382 926 913 878 835 311 186 570 23 320 227 365 784 846 930 228 420
804
984 632 985 575 357 949 496 692 863 278 761 159 840 201 160 230 464 463 471 478 144 846 364 749 670 341 681 85 628 726 62 731 571 753 610 238 217 765 264 378 74 139 30 109 347 598 13 927 191 229 629 58 93 614 282 804 408 346 981 661 293 833 990 436 846 402 505 6 148 388 322 914 896 959 627 971 445 546 778 767 268 520 449 141 20 105 263 683 210 507 469 285 630 698
153
95 418 399 884 338 397 525 496 819 979 286 935 957 455 115 213 320 416 208 14 908 272 583 427 535 551 708 408 586 20 189 409 822 423 238 530 274 908 647 255 841 741 240 924 587 249 171 743 668 825
297
610 376 242 191 282 405 190 831 236 951 124 194 131 287 749 678 927 866 782 692 490 515 430 567 602 297 780 336 491 927 756 206 169 152 451 209 615 221 950 66 582 904 30 927 679 729 11 475 825 208 472 717 258 150 557 433 544 250 397 93 122 98 994 323 204 270
206
119 805 462 454 541 670 426 662 842 376 207 86 74 943 597 33 816 596 289 176 470 356 145 274 785 303 76 157 343 511 445 248 924 741 414 204 293 501 370 290 196 638 122 738 253 887 447 395 653 985 220 516 615 345 45 845 118 122 464 814 252 874 580 484 416 25 462 936 911 717 694 946 515 847 341 303 821 74 721 325 613 804 618
735
851 858 431 770 113 227 121 385 407 522 429 324 413 596 397 18 138 783 56 203 782 942 963 113 49 800 82 706 237 257 165 314 81 501 220 683 870 304 144 711 429 649 421 877 745 386 202 16 920 918 872 648 85 696 375 703 582 872 76 504 43 913 62 337 403 432 56 302 677 343 235 439 333 840 447 502 500 3 527 163 384 712 420 77 126 312
985
317 804 115 133 764 316 48 519 39 883 564 570 372 392 977 764 897 569 391 288 403 880 100 491 659 588
265
729 757 758 929 613 62 554 739 270 129 366 398 655 46 813 313 586 194 103 861 678 761 680 478 285 573 442
198
300 676 80 940 994 401 759 302 886 25 639 458 339 136 527 484 17 813 332 37 569 727 226 179 346 461 721 103 67 371 919 473 697 600 499 397
939
137 675 323 554 10 85 261 695 257 71 926 406 908 868
440
988 253 730 600 986 299 719 408 329 560 415 254 158 20 558 316 37 380 2 236 294 345 548 299 113 470 37 627 540 121 526 339
513
488 136 690 640 699 800 641 160 491 29 200 458 185 784 773 288 531 821 71 677 313 105 303 523 753 636 566 800 618 225 985 905 569 994 117 671 659 95 179 190 561 627 520 158 332 114 724 27
159
529 238 950 453 307 751 71 599 921 278 981 925 284 549 285 937 24 564 225 492 827 405 741 642 606 360 441 786 314 41 44 122 443 760 816 980 977 42 899
264
605 564 950 739 414 570 307 932 741 780 385 488 805 241
901
370 555 100 16 635 954 512 132 889 903 537 94 975 621 537 344 431 497 227 540 137 875 636 560 300 682 53 154 393 328 893 648 860 578 717 646 944 743 978 173 700 618 750 210 136 823 821 807 583 687 825 352 100 8 864 273 731 122 433 281 315 209 384 745 141 149 823 16 950 17 581 587 737 428 309 993 260 469 407 558 58 22 672 23 491 549 612 407 320 531 126 941 910 377 426 912
500
424 334 110 431 352 605 737 990 37 346 869 744 647 408 362 535 604 476 453 123 434 941 950 418 552 233 518 53 291 439 158 696 563 371 681 53 596 669 861 833 925 82 521 396 519 940 976 604 81 975 199 765 612 534 813 703 432 234 853 953 554 77 812 851 765 772 183 837 842 220 280 697 38 9 970 885 161 568 878 851 99 998 294 38 595 546 192 816
622
704 647 809 865 818 228 300 544 473 344 935 55 221 609 82 891 903 429 239 913 304 371 614 242 804 467 548 905 92 124 716 527 447 26 107 497 441 61 684 386 723 419 645 600 68 558 414 935 53 977 657 229 97 410 483 973 103 204 44 386 920 204 115 262 788
899
769
895
316 330 151 943 824 160 112 824 810 627 344 962 256 164 613 957 826
326
850 858 383 141 71 953 323 371 760 997 786 500 1 800 150 209 515 620 971 681 486 536 908 384 180 704 196 925 160 851 311 572 268 355 590 335 542 25 846 492 355 553 120 437 160 484 669 420 553 172 411 158 112 281 781 245 889 693 460 139 17 282 733 270 714 362 992 90 125 615 904 981 623 324 432 60 223 813
673
771 900 279 136 607 618 386 668 800 987 928 702 182 880 499 25 481 157 318 186 564 151 571 797 479 921 70 347 136 23 851 346 942 578 469 956 686 503 106 318 390 12 965 858 751 199 573 256 417 890 320 863 633 360 52 302 842 289 476 912 675 455 601 80 960 466 169 205 146 257 796 382 75 43 302 235 99 962
172
293 919
971
432 234 38 386 488 672 589 200 58 834 395 781 194 866 163 426 212 495 894 30
365
554 623 472 945 531 790 442 463 891 78 694 536 366 979 872 515 390 419 906 752 348 299 939 281 863 972 498 79 250 604 220 756 149 548 812 602 496 325 887 428 287
699
740 137 408 838 7
173
488 14 60 594 751 53 868 302 334 486 434 351 41 193 363 501 300 526 117 877 881 187 856 872 691 242 310 520 661 726 38 123 448 872 100 315 871 136 60 265 73 458 761 464 818 727 324 508 613 469 414 428 370 740 981 641 637 130 521 387 747 923
618
456 572 956 266 347 226 666 39 109 244 847 671 578 853 170 364 292 722 757 585 977 625 935 409 95 161 558 97 471 201 894 380 267 810 510 509 101 442 445 545 72 287 250 51 640 302 760 427 583 526 955 762 419 569 721 638 760 707 497 599 151 884 992 166 161 391 750 954 401 835 573 926 782 925 114 974 889 434 357
261
695 245 344 439 907 324 51 390 560
629
351 227 833 667 773 37 749 419 335 797 402 625 721 282 678 9 231 200 212 496 162 851 541 801 802 193 701 660 1 868 962 102 305 755 925 886 77 692 22 534 638 199 372 642 395 7 227 73 353 888 241 815 327 231 598 665 502 429 893 832 759 679 353 253 979 149 566 690 696 438 849 207 998 937 580 154 413 757 777 60 744 136
903
425 956 770 748 961 709 676 916 299
409
250 582 40 451 878 217 333 802 408 852 11 946 540 938 206 184 823 713 830 866 446 390 141 320 163 464 491
762
297 506 525 402 327 686 252 370 430 257 161 352 740 38 224 927 701 799 470 895 593
665
171 373 748 677 658 853 32 924 447 675 691 162 272 895 559 654 873 929 772 718 452 680 616 5 463 737 590 482 783 611 370 16 820 926 78 863 431 418 261 119 698 521 759 997 383 39 59 863 238 198 338 30 998 971 385 164 736 108 759 740 319 545 438 340 810 369 583 807 577
943
245 526 570 403 547 811 927 584 857 869 934 911 818 667
909
650 926 643 949 884 38 262 756 234 53 203 108 767 207 217 747 531 862 710 955 502 601 681
367
254 804 864 313 503 674 360 723 880 290 742 201 241 358 302 851 476 722 291 369 146 766 55 154 469 895 969 350 70 680 419 332 323 27 356 301 379 362 451 567 866 727 191 51 848 309 93 983 850 321 441 120 905 37 15 468 343 779 785 80
549
883 166 403 977 686 616 662 588 742 443 716 957 666 788 319 783 979 530 327 259 869 210 798 685 648 216 441 882 786 468 601 578 239 936 526 270 323 735 601 395 349 859 869 874 815 955 934 103 706 51 954 350 130 656 760 519 529
360
228 609 727 644 403 618 858 41 649 674 806 106 811 182 629 431 270 866 469 5 651 337 18 440 243 837 886
116
751 887 29 946 515 25 362 640 491 916 930 587 118 209 80 651 354 144 365 308 141 389 204 639 352 544 405 162 15 934 451 857 34 113 494 725
14
841 267 25 737 298 726 435 229 2 320 119 671 676 544 858 671 877 295 767 793 373 972 468 250
294
461
318
697 658 582 122 486 614 83 438 418 101 399 15 307 336 374 693 684 437 218 180 710 646 595 746 577 972 784 665 687 981 1000 323 803 917 142 686 25 282 406 978
261
316 863 249 228 302 231 565 281 423 114 722 522 475 494 137
346
427 421 17 445 219 227 81 5 310 151 490 837 702 256 532 954 385 996 832 842 814 704 427 707 737 565 792 130 210 436 778 80 977 255 855 389 63 74 445 313 938 727 765 10 308 799 333 785 509 667 504 947 137 443 840 6 719 514 594 73 813 644
668
475 467 970 809 619 396 316 844 18 595 786 768 582 332 110 665 360 673 577 950
780
693 874 79 801 864 923 854 845 942 214 842 995 764 841 557 552 228
152
10 978 544 897 148 298 595
449
9 134 291 389 587 811 105 632 100 815 530 194 98 461 282 856 838 913 647 110 35 991 21 983 942 289 131 772 530 360 561 407 893
574
729 997 738 291 359 933 826 843 817 375 660 22 119 566 360 915 723 635 491 289 510 968 929 904 795 151 534 751 772 442 745 522 10 710 630 563 216 228 261 145 547 506 242 70 468 190 462 120 24 658 916 439 331 464 873 48 596 141 164 444 230 553 738 36 643 990
182
828 800 436 504 549 136 651 450 154 755 63 232 109 237 645 929 508 601 980 86 930 299 708 131 147 649 965 26 415 322 116 120 439 90 738 615 852 8 17 903 161 984 988 482 745 500 552 732 956 860 629 980 797
702
618 715 615 740 832 563 219 499 281 318 913 126 265 974 494 418 618 668 266 275 797 748 368 663 3 143 319 510 994 673 40 500 239 428 911 15
556
259 899 112 400 109 240 167 761 920 938 766 135 842 973 83 710 956 328 168 224 8 844 42 73 155 165 630 633 712 487 297 34 757 886 259 97 116 292 789 608 932 321 330 626 481
591
460 729 483 572 479 937 298 823
495
618 894 802 514 562 309 566 769 699 915 763 583 922 712 198 442 311 576 601 940 337 227 13 14 269 263 237 786 136 945 116 355 234 757 465 87 80 55 954 136 647 786 295 434 376 818 781 990 285 158 189 905 218 669 502 798 881 211 817 586 433 816 644 781 564 277 2 941 275 118 2 232 965 793 107 992 579 293 615 783 960 80 236 12 63 407 268 364 152 934 592 479 621 884 461 896 26 210 770 515
878
217 706 295 141 608 510 382 566 756 444 428 76 143 63 790 800 265 13 850 259 583 678 488 799 770 836 446 573 26 55 970 409 678 872 22 686 988 727 18 330 625 715 975 226
829
384 354 754 538 79 802 14 525 750 560 941 206 641 689 671
633
970 120 452
699
413 915 691 315 26
38
654 202 636 216 437 639 355 489 569 936 214 349 479 578 725 724 766 821 803 711 958 357 997 311 494 357 330 719 84 923 358 696 136 144 730 77 631 548 378 782 660 591 33 1000 982 730 346 113 613 625 522 1000 206 538 24 966 636 230 264 304 26 877 188 309 917 680 840 709 818 433 114 758 500 405 844 220 245 321 56 465
669
737 112 443 306 72 664 998 801 976 745 79 383 190 324 445 641 585 504 704 320 644 984 759 592 375 318 811 913 677 197 842 634 50 61 351 204 316 712 690 444 164 956 109 500 967 519 426 678 653 458 78 608 952 386 534 573 842 512 869 954 716 615 892 831 1 954 904 940 278 401 81 178 778 732 97 960 178 568 56 384 834 872 445 165 370 631 70 55 930 593 706 537 783 485 532 387
536
337 350 679 518 415 908 455 381 683 57 806 830 69 210 140 569 874 7 603
183
825 657 200 833
145
563 860 511 186 952 7 368 774 990 601 380 314 491 344 843 969 312 310 945 877 198 225 909 73 871 872 342 122 251 204 498 865 256 741 390 865 698 65 112 75 495 480 234 422 342 733 446 910
933
680 120 553 943 16 735 40 416 595 523 755 115 316 82 36 88 833 287 815 499 363 674 588
549
60 40 694 105 123 663 519 630 270 138 592 909 362 651 751 500 219 464 555 404 848 715 194 580 484 679 627 145 304 34 298 629 168 374 815 83 638 744 131 240 11 724 479 98 774 987 543 632 19 830 654 561 885 585 923 872 169 12 433 539 135 936 866 998 108 393 703 645 483 256 902 472 582 271 563 520 814 975 178 221 284 800 506 75 982 799 41 716 725 240 602
573
107 343 258 515
481
753 147
719
909 486 810 554 12 16 283 775 568 33 833 141 318 325 986
363
671 504 204 869 494 684 418 797 901 155 384 792 909 889 600 505 515 489 26 680 486 723 907 759 504 184 117 106 458 887 78 912 475 363 825 587 700 221 267 387 233 720 311 908 324 896 875 882 805 928 725 930 418 914 288 94 976 286 97 987 48 473 659 279 108 79 26 735 579 660 31 238 825 526
863
280 320 344 59 461 148 19 656 915 431 742 100 26 754 157 846 594 556 994 69 702 622 152 39 658 201 107 737 411 449 908 786 871 403 719 587 37 170 641 131 415 552 984 137 524 81 353 951 173 334 837 12 242 503 210 406 366
872
559 977 672 47 142 327 151 478 735 991 999 681 512 404 706 180 8 23 992 348 241 441 443 585 28 702 79 568 475 4 706 349 414 495 34 347 310 668 762 919 142 689 698
300
594 899 899 735 29 515 428 191 603 618 223 840 939 866 901 894 369 931 117 390 265 385 823 52 455 976 125 800 612 973 564 163 870 17 766 974 537 805 415 559 670 471 961 320 990 760 247 151 554 149 428 440 597 103 560 858 911 863 250 762 167 399 162 86 430 402 414 335 539 907 347 330 804 619 843 600 245 697 121 125 671 920 875 600 622 849 274 344 950 352 928 755 202 814 823 161 938 974 493 756
744
844 360 198 213 526 406 16 854 507 520 214 863 720 149 683 917 548 731 545 68 95 320 757 297 314 37 5 472 399 522 303 484 842 62 45 163 903 571 558 253 714 557 38 616 6 856 237 571 95 760 791 726 532 64 779 800 385 89 503 480 979 730 77 540 749 102 35 881 672 999 644 930 935 492 519 252 663 401 628 355 843 730 500 837 178 608
546
925 679 251 908 745 562 733 964 788 281 94 221 775 434 871 146 835 31 641 246 974 226 866 858 972 818 471 741 865 329 720 754 43 815 612 486 806 964 234 753 347 856 858 749 515 207 509 565 599 412 157 89 756 411 171 767 361 390 979 841 329 237 470 314 991 370 177 635 567 331 813 263 743 768 52
123
606 273 750 36 98 498 927 127 781 263 631 994 950 309 649 109 535 146 59 878 671 412 342 265 774 258 686 905 374 189 286 925 878 737 606 482 912 576 1 243 344 615 219 941 272 437 462 436 95 410 251 993 889 102 221 488 319 160 516 168 359 518 52 566 675 997 773 751 499 492 159 920
966
434 476 957 463 349 391 727 251 404 89 881 62 117 575 58 968 120 90 673 385 386 539 269 970 758 964 217 521 559 826 361 981 557 181 461 636 552 255 890 457 566 158
162
915 512 154 501 279 699 215 214 334 682 437 599 826 13 384 570 844 945 141 995 106 280 860 501 138 496 871 756 21 96 212 156 700 988 423 132 660 861 936 209 322 118 34 526 275 119 269 536 231 284 541 874 635 714 53 233 28 561 560 491 331 624 855 692 999 447 397 268 72 176 595 959 2 713 61 62 70
576
9 537 810 772 894 112 23 665 378 42 960 787 886 216 959 79 62 332 498 407 95 684 778 107 940 510 88 576 800 483 100 774 442 560 596 397 224 17 284 225 192 694 177 517 234 694 728 449 374 627 222 838 376 405 299 55 241 979 223 75 97 228 520 929 875 887 333 707 3 309 323 103 459 637 668 880 205 869 427 589 490 699 314 794
945
441 347 355 564 244 957 540 68 539 906
427
625 696 469 244 66 503 860 926 113 948 957 599 338 412 436 608 479 711 349 757 721 155 225 720 250 730 816 276 636 323 888 613 95 190 755 21 133 505 114 874 466 88 141 722 951 406 397 17 175 276 873 505 338 721 152 454 825 979 510 943 361 423 90
696
742 340
254
376 958 303 655 265 428 868 336 120 939 98 304 183 76 433 490 23 415 580 621 76 133 477 848 834 173 338 362 522 532 447 816 850 201 270 241 964 540 185
476
895 824 165 985 412 72 169 361 690 713 128 404 160 916 101 867 928 320 300 193 690 262 854 900 73 723 358 809 172 450 551 32 172 980 147 199 911 763 531 224 735 74 231 428 574 220 754 271 915 991 160 266 965 497 484 832 724 366 517 748 498 477 479 700 184 697 523 618 757 522 768 293 201 952
196
934 643 282 943 239 261 842 899 976 621 633 71 949 198 592 701 203 594 553 56 945 154 307 465 992 90 22 451 773 409 766 714 623 914 118 192 483 288 755 896 286 540 990 792 408 700 784 525 178 753 126 163 229 181 562 793 155 566 497 270 471 483 751 315 402 31 333 693 846 706
290
946 308 467 127 72 974 969 510 218 799 756 575 148 862 430 186 243 687 6 825 541 918 227 237 744 321 780 202 224 588
604
314 992 883 723 100 694 853 769 261 397 180 854 661 577 243 32 261 12 334 382 655 939 608 414 56 884 366 774 597 463 334 594 839 213 334 81 316 567 579 548 542 694 329 325 799 51 291 523 681 957 509 136 809 716 759 140 545 588 107 5 105 989 619 102 530 97 178 654 828 528 519 864 671 742 71 801 528 694 832 29 370 140 477 781 964 179 862
866
981 755 1 431 240 571 511 851 962 886 349 825 630 538 816 546 162 776 248 927 661 783 645 663 345 538 557 810 157 115 318 409 142 887 161 375 435 89 799 810 34 308 443 125 695 124 742 902 979 64 543 890 79 894 91 692 412 136 159 866 565 181 448 166 933 996 489 801 226 681 557 527 40 813 218 553 637 239 676 1 379 23 844 696 808 222 650 812 45 141 486 727 405 9 263 80
967
649 189 224 3 553 539 166 961 738 743 268 314 185 51 965 536 440 567 526 352 743 781 308 577 460 69 418 637 222 490 888 969 386 19 701 292 890 881 974 484 839 448 964 746 134 312 577 783 333 687
766
221 328 246 457 157 817 54 864 910 29 218 769 622 883 683 471 949 506 653 188 880 653 839 277 697 413 79 406 541 635 460 364 694 733 363 665 681 651 391 35 377 5 949 794 617 628 601 337 420 937 776 636 660 773 462 32 977 842 547 246 140 345 94 171 671 635 425 26 437 895 83 233 569 60 985 726 621 947 6 695 585 625
567
472 266 476 758 517 870 558 343 83 415 717 615 475 700 779 544 880 264 934 948 519 614 530 541 593 304 140 459 412 291 100 915 613 142 964 625 406 263 354 247 40 472 163 615 453 363 955 481 726 294 340 17 579 292 576 436 485 627 871 485 964 541 789 54 307 745 667 787 287 484 733 829 509 252 365 964 990 43 489 608 311 321 445 369 516 192
352
417 296 364 519 830 728 444 116 590 269 111 345 331 268 668 939 57 839 238 206 802 13 351 913 714 812 532 830 266 775 789 26 419 955 316 45 779 155 501 124 350
777
778 284 790 154 39 879 923 575 967 306 357 307 787 509 717 728 681 612 76 745 346 940 448 309 592 960 414 770 276 908 556 393 349 818 494 926 772 564 399 625 143 299 660 897 816 269 668 257 627 993 635 108 723 998 210 29 290 561 636 729 165 840 721 303 252 315 673 156 53 963 905 852 82 188 894 666 669 831 573 97 134 301 168
178
515 641 770 535 533 568 499 175 772 215 765 939 90 616 626 671 867 847 197 895 709 887 322 709 567 322 809 684 989 549 581 191 226 374 973 615 541 860 314 817 688 52 495 973 453 188 986 547 3 613
133
185 938 992 318 573 259 615 61 654 965 131 323 84 880 735 788 666 774 633 171 545 468 796 610 41 168 941 413 755 832 105 156 329 57 622 852 599 38 112 571 721 192 332 969 570 998 928 186 589 640 533 865 920 144 101 248 670 386 609 856 798 297 853 900 216 717
101
384 837 750 191 170 939 30 491 525 985 785 327 252 157 282 777 96 337 420 148 552 816 691 961 146 998 299 696 476 178 373 634 982 234 228 143
121
605 985 634 122 883 858 761 311 80 888 914 490 885 945 833 970 645 899 875 715 699 869 347 11 848 126 506 443 221 306 759 700 592 510 330 149 534 701 355 50 299 324 65 23 929 685 163 802 465 453 166 4 279 850 905 487 983 914 304 974 330 840 109 574 744 607 945 176 746 494 389
462
50 481 389 997 421 881 29 305 599 39 754 44 482 312 124 976 887 819 541 373 289 741 320 123 283 624 617 254 792 63 543 671 281 632 602 404 886 964 325 210 296 751 881 76 955 711 34 376 841 421 30 136 593 260 902 24 319 738 921 896 262 741 971 217 657 402 247 148 562 892 350 802 415 343 522 971 610 932 841 164 222 841
218
731 218 856 347 285 14 93 702 404 991 496 298 171 245 489 255 96 827 449 10 816 631 206 334 919 548 219 168 544 584 128 13 239 22 803 116 879 764 44 688 830 666 153 399 247 379 449 748 842 799 180 334 124 821 867 792 642 783
185
874 853 359 851 710 299 506 214 954 63 218 5 31 805 792 601 653 644 20 703 367 263 14 22 963 921 486 713 444 870 68 272 163 829 577 540 63 83 609
794
453 826 932 223 841 339 186 605 109 791
950
249 559 129 654 661 143 950 497 749 403 687 14 878 878 532 310 370 857 385 582 75 451 288 650 316 308 573 912 943 407 92 844 170 218 719 832 476 799
962
363 395 516 215 596 566 590 461 341 793 979 599 652 323 898 387 126 757 99 809 812 368 141 398 574 553 152 260 644 997 406 132 28 88 146
783
320 48 346 124 116 449 23 277 418 397 429 393 389 693 854 235 431 903 590 822 718 840 364 942 748 271 522 357 835 74 347 924 488 923 537 781 677 881 225 491 449 254 78 998 869 315 137 354 966 706 319 109 392 693 973 429 43 839 539 113 444 310 679 602 933 761 409 572 949 717 960 998 854 972 755 331 641 147 810 811 324 200 165
640
346 334 530 522 753 803 726 844 815 766 809 246 464 907 652 349 531 372 292 693 698 243 149 966 966 340 610 611 251 191 410 618 8 583 498 433 584 325 901 396 235 510 725 872 1000 3 684 226 174 704 38 975 587 617 696 411 39 999 249 108 455 340 166 576 991 581 269
167
380 676 759 910 537 257 936 755 912 773 122 314 179 493 973 165 56 736 510 29 502 697 616 469 142 175 792 970 647 698 72 445 512 886 758 124 747 408 789 476 986 255 67 332 79 345
456
459 207 695 378 29 998 932 248 993 149 943 929 742 656 462 558 325 479 132 284 386 459 536 651 922 890 211 974 60 16 202 150 887 708 232 76 162 725 850 56 17 546 794 300 584 816 983 868 466 647 46 229 770 906 909 320 858 901 226 893 958 606 110 45 594 171 633 561 705 392 73 543 999 401 541 786 382 469 623 785 404 744 917 432 850 992 297 94 313
570
322 138 867 640 540 183 126 761 604 995 563 70 957 369 84 46 160 914 926 311 967 965 381 624 427 633 160 276 400 944 238 622 68 690 341 66 493 757 155 159 155 669 965 541 970 339 478 440 895 237 80 226 594 246 978 286 473 624 949 494 67 117 426 757 688 809 55 173 985 58
932
772 792 994 979 916 29 731 327 421 937 870 407 547 465 920 958 830 382 328 1 221
792
522 260 322 513 578 874
43
479 504 695 676 705 259 815 679 958 807 849 918 41 595 985 184 769 122 826 64 842 709 877 745 303 357 368 514 713 854 705 475 209 819 157 689 431 567 104 910 961 292 876 778 530 531 924 922 640 893 24 516 308 775 111 329 23 615 844 539 561 895 252 731 92 960 314 2 37 52 213 393 384 461 335 832 669 365 445 571 326 121 692 983 18 325 837
842
770 628 551 277 573 296 665 361 749 364 796 114 494 568 305 75 729 594 62 663 863 789 487 347 254 909 652 800 859 28 234 298 145 686 385 170 234 797 724 346 796 824 626 95 213 366 177 810 384 521 442 558 482 830 34 350 940 561 714 20 138 757 94 180 553 20 911 848 148 785 693 690 176 385 248 376 885 243 433 141 376 743 845 151 949 687 68
922
542 263 179 735 767 925 290 834 388 609 133 762 430 77 119 537 176 596 892 599 995 930 540 713 425 209 652 287 342 276 899 295 937
565
592
299
203 108 973 671 601 856 898 319 708 778 830 316 754
69
748 474 389 207 508 196 866 723 741 462 805 685 317 331 630 280 969 627 66 298
191
794 456 359 794 872 155 148 533 702 501 947 556 262 760 544 366 794 298 889 571 64 644 533 797 659 403 162 147 816 655 640 102 221 824 648 62 181 596 773 363 534 186 204 830 537 235 482 800 910 274 339 48 962 159 597 802 351 412 88 829
314
835 293 495 643 354 456 766 9 754 195 319 776 767 682 932 655 50 74 470 90 916 801 374 383 976 210 386 92 168 203 46 703 849 409 934 232 747 937 371 140 28 874 952 90 206 567 502 236 671 601 932 526 34 822 773 847 674 905 942 676 896 714 636 153 770 700 174 837 217 880 997 620 287 828 704
383
273 974 70 740 932 419 8 549 406 364 122 531 511 600 449 208 786 488 788 111 186 727 647 912 145 285 991 348 783 365 192 142 264 691 128 547 196 825 737 156 810 209 100 420 646 734 962 981 682 441 194 449 250 332 806 648 459
578
863 219 594 998 629 919 738 284 341 945 59 890 559 724 1000 972 803 651 512 593 208 949 385 25 725 501 767 666 588 36 267 418 603 480 309 463 71 925 739 959 308 40 297 518
265
712 94 97 460 641 509 148 47 751 402 501 834 510 776 966 742
372
924 498 535 744 306 408 910 815 682 756 686 114 32 410 882 717 833 429
969
294 384 611 295 780 997 43 852 959 936 6 699 705 53 291 393 748 792 854 7 399 113 52 719 671 415 312 836 389 855 694 713 439 466 917 220 211 724 372 213 392 658 621 776 893 687 661 1000 497 632 831 922
82
913 797 741 72 720 129 190 938 629 456 920 531 306 640 658 70 902 580
268
162 326 622 376 446 850 781 392 506 651 222 947 597 205 72 963 947 284 118 809 470 33 171 116 347 171 778 314 846 66 989 848 761 438 919 217 769 126 572 240 41 250 896 947 552 522 668 108 552 370 274 830 112 561 130 113 682 737 348 581 3 825 667 9 498 143 535 126 883 919 819 589 665 844 170 272 818 407 59 257 609 51 887 869 548 381 739 833 553 689 853 197
188
164 320 608 286 713 620 823 330 114 124 672 150 943 720 137 832 502 955 939 219 999 62 769 421 707 706 399 413 603 731 759 271 823 387 717 669 383 600 470 667 304 31 82 294 811 264 457 407 684 662 599 804 557 967 257 15 603 887 542 539 29 18 486 541 83 708 617 774 378 724 264 125 496 730 124 931 201 982 275 39 748 658
761
66 146 77 727 637 815 243 318 909 649 636 445 530 196 585 476 838 998 629 943 798 32 474 512 809 885 599 997 719 597 724 506
370
912 301 621 869 110 51 145 319 55 21 208 764 749 284 948 639 686 68 801 214 968 762 251 910 391 494 363 339 578 480 731 39 219 852 480 226 181 101 622 247 84 221 437 438 91 842 153 238 176 646 294 487 978 604 502 388 323 846 296 513 984 504 619 946 532 851 836 493 641 539 922 710 485 375 119 729 380 476 653 681 158 478 395 527 263 317 95 844 565 244
630
352 325 223 180 76 518 530 518 144 375 429 360 161 317 627 700 659 260 109 985 205 189 722 533 882 240 599 954 104 65 97 881 505 42 314 42 540 11 477 443 201 259 244 407 207 52 259 472 663 173 690 431 391 238 955 129 108 270 21 374 965 197 421 1 525 21 571
548
860 242 532 832 532 579 849 270 50 767 330 340 740 63 317 176 535 994 575 596 419 57 318 176 498 430 622 850 549 406 408 28 978 932 598 480 705 912 657 446 193 700 772 465 142 764 863 377 261 612 948 895 326 436 390 114 709 353 696 645 430 872 319 476 976 783 167 257 167 111 124 45 655 250 640 235 296 593 406 783 997 737 317 339 405
337
832 223 542 526 867 649 335 668 368 155 369 888 96 943 233 989 977 321 214 249 942 980 354 188 573 235 989 298 752 954 62 437 407 771 933 621 800 308 507
144
737 6 737 576 766 677 52 592 642 649 295 283 981 536 166 736 474 335 433 586 746 509 581 694 571 656 841 562 72 642 77 347 653 297 716 508 582 600
142
470 497 371 509 790 311 333 169 473 580 317 424 377 235 170 74 477 158 969 235 879 223 754 979 704 455 993 713 208 526 230 639 735 303 290 651 508 186 711 762 140 69 980 558 942 186 668
164
318 89 322 827 757 182 923 590 143 73 1000 709 92 227 95 945 179 453 525 355 53 989 417 862 408 336
813
356 389 629 829 53 128 161 393 762 848 15 605 6 349 743 743 17 398 466 745 504 674 412 40 584 618 387 684 22 608 990 733 256 464 137 120 963 787 974 974 316 187 711 29 813 494
1
351 789 898 311 494 444 831 527 193 106 666 642 419 324 51 261 897 849 27 823 68 425 877 248 377 306 509 957 256 780 77 519 846 966 979 274 946 882 581 181 631 608 772 517 162 672 100 433 656 86 803 61 463 759 478 185 71 521 339 706 837 775 985 48 474 214 616
211
597 234 753 187 638 997 573 384 916 46 849 336 440 537 581 908 353 197 59 906 668 302 246 782 238 402 782 786 616 95 465 895 489 199 925 320
37
868 716 373 918 482 957 36 14 191 780 772 823 749 473 286 569 395 182 111 958 41 691 877 790 429 835 927 405 719 800 340 109 887 936 730 698 706 956 460 40 813 97 533
381
781 713 435 562 272 27 429 666 269 691 829 410 212 238 768 835 804 892 687 172 174 231 213 112 786 93 805 986 655 758 769 841 989 839 210 58 878 887 108 163 248 327 43 517 638 98 686 276 609 483 606 821 540 498 877 567 957 647 738 378 675 278 768 425 72 412 574 803 825 632 142 612
657
115 866 469 575 179 592 34 485 657 965 374 271 135 386 370 261 943 229 95 950 141 708 958 409 779 77 730 160 89 718 78 673 232 642 361 302 94 474 968 456 138 689 983 66 915 670 633 307 834 838 383 368 69 365 900 524 63 279 470 357 608 162 210 229 672 247 473 547 335 386 661 62 309 257 406 455 27 939 370 772 653 659 196 983 234 75 316 471 722 475 71 534 794 496 964 373 512 657
915
244 113 327 800 78 424 18 804 428 110 316 495 999 979 852 658 305 5 84 389 8 208 486 13 710 151 136 964 31 825 196 760 686 125 372 305 295 951 195 661 521 590 63 538 893 475 907 222 892
45
578 932 424 595 286 554 728 912 602 772 256 761 132 495 209 305 469 708 349 71 995 852 360 43 579 553 960 872 138 490 792 275 463 919 778 7 328 511 756 748 612 912 563 605 826 905 606 290 68 310 831 416 979 915 724 800 613 118 36 418 192 452 230 676 918 510 137 748 253 625 539 794 43 642 797 147 197 850 205 959 427 737 926 598
848
653 823 999 683 870 156 646 229 574 831 507 566 981 927 845 962 179 246 367 962 475 891 254 973 448 194 595 866 314 24 526 15 778 160 655 439 807 298 575 44 824 66 719 402 825 201 517 634 70 963 191 654 723 326 970 735 916 322 216 146 591 140 519 627 367 148 58 613 970 542 487 769 347 931 252 446 64 308 973 728 968 81 283 471
919
238 333 987 99 415 396 456 819 761 262 882 263 170 748 182 845 879 32 972 298 47 187 160 236 919 599 112 51 98 878 378 880 335 817 563 818 264 130 615 969 397 738
925
189 342 388 64 808 234 422 556 638 961 393 716 809 764 366 319 37 761 240 321 233 315 332 511 92 969 582 516 797 543 994 324 787 508 511 815 529 614 23 772 23 992 385 589 132 15 474 349 258 991 761 322 590 89 860 755 453 721 165 372 40 22 925 608 84 415 302 565 339 183 437 530 231 308 605 65 802 43 889 662 729 980 895 427 386 964 18 636 404 697 432 419 232
721
852 638 301 316 454 706 233 110 93 577 658 215 326 135 100 390 274 183 471 481 772 647 110 764 248 369 286 278 112 846
820
912 637 416 86 931 127 547 319 471 221 542 598 768 945 322 413 12
513
572 467 921 651 852 185 644 248 540 557 606 28 636 563 242 526 458 681 182 480 54
151
311 19 473 556 39 350 68 936 536 157 555 464 897 955 246 304 508 836 721 792 137 794 332 900 117 909 73 643 624 321 214 444 96 161 529 989 710 285 342 9 670 296 328 652 910 748 160 160 48 769 104 312 180 675 548 655 895 613 732 171 24 623 545 234 212 724 372 363 907 312 242 16 132 451 734 889 664 957 636 258 440 90 109 748 906 556 767 98 921 656 473 654 558 819 272 671 420 314
610
613 793 452 151 329 910 383 971 589 490 511 455 993 261 208 133 454 580 390 1000 257 368 560 326 150
898
177 758 61 522 190 127 412 407 420 66 909 170 250 377 685 287 253 445 278 307 555 890 616 954 959 290 305 159 729 252 519 345 309 608 85 480 738 637 455 14 199 230 681 842 954 124 411 303 179 660 876 857 888 782 215 460 716 934 635 13 498 578 883 639
346
203 899 507 262 640 429 165 128 774 372 928 523 187 706 556 177 52 815 99 438 525 65 617 925 121 571 286 577 715 384 111 48 677 957 436 471 837 237 270 380 969 855 806 222 1 370 347 197 17 332 97 20 231 119 656 236 619 692 170 306 792 988 713 389 386 206 420 828 903 137 331 369 530 981 402 112 38 270 566 385 279 14 718 845 329 948 381 904 317 498 223 602 264
648
357 888 17 392 606 334 14 566 208 625 87 785 660 664 405 259 133 119 378 235 732 869 693 940 223 712 245 901 992 44 185 87 182 139 73
958
857 88 972 854 685 920 870 958 924 62 446 419 705 935 568 390 803 985 177 259 733 372 305 406 437 696 369 652 845 851 781 756 944 298 45 11 656 642 836 409 224 243 148 637 305 65 753 285 460 126 83 665 117 491
976
338 168 409 100 383 151 499 261 760 744 996 36 465 252 219 243 962 900 706 183
437
968 228
308
389 427 677 215 282 995 536 112 306 338 519 393 308 674 332 553 197 554 830 876 687 270 224 728 718 289 70 280 320 899 153 998 88 39 461 453 475 473 809 14 161 278 803 326 36 508 171 897 936 14 161 666 797 980 339 755 600 523 443 422 188 924 223 600 551 425 962 676 166 178 166 221 891 893 453 394 263 452 256 217 156 420 865 726 861 978 716 401 278 651 474 828 644 629 894 37 99 611
893
438 971 179 600 947 778 189 801 820 989 207 571 710 941 584 298 417 179 244 782 665 501 560 249
163
785 77 688 159 812 277 330 262 585 907 442 45 187 540 209 371 547 270 360 904 920 227 469 152 73 634 970 264 399 825 134 8 619 674 14 393 973 873 47 943 102 526 754 917 735 219 752 42 251 252 835 160 959 841 528 554 714 178 300 965 37 422 562 186 884 344 677 864 291 696 325 389 911 942 877 559 347 591 320 491
233
949 909 693 194 69 86 709 452 847 322 212 881 575 37 562 493 198 292 958 920 354 239 488 208 191 137 258 357 926 367 356 69 323 691 821 22 904 52
319
459 103 805 509 279 837 211 634 405 483 645 603 118 86 618 408 131 563 285 411 496 335 487 220 472 403 345 182 57 347 132 880 842 457 948 587 754 253 920 952 74 290 811 25 732 395 61 632 767 390 305 136 656 96 911 574 34 902 646 499 276 645 466 279 65 291 548 127 783 922 682 16 873 782 614 785 278 721 4 279 772 181 461 144 662 468 768 486 108
585
715 958 490 717 426 319 81 712 955 168 850 510 186 952 381 793 182 820 154 366 834 772 567 859 380
192
823 169 799 391 473 249 696 87
390
859 105 395 950 890 679 643 981 467 833 715 692 520 79 579 125 563 333 642 739 469 910 785 294 1000 136 140 466 782 250 357 930 868 176 191 317 613 445 705 33 701 178 36 190 622 102 889 785 637 835 622 458 382 908 939 377 823 880 38 226 218 911 777 310 261 600 554 725 930 363 499 457 645 591 772 198 269 849 243 17 723 748 455 720 552 361 690 828 33 304 184 907 106
422
473 403 145 196 637 965 83 22 281 499 436 965 108 682 255 14 265 409 562 643 950 884 838 633 187 608 109 921 194 548 963 162 811 958 105 289 572 508 723 627 969 910 73 156 388 922 451 993 875 350 609 360 981 139 898 744 60 684 724 175 129 190 851 560 981 494 348 753 347 168 304 259 465 764 549 71 360 322 751 977 687 538 375 537 536 167 420 137 681 858 188 159 820 736 210 245 643 193 201 286
176
189 995 900 293 266
512
970 555 872 943 662 185 824 806 490 398 598 727 869 456 145 791 806 381 586 946 707 625 128 678 700 935 330 788 846 827 362 31 365 746 69 975 713 367 898 461 538 608 422 45 975 973 482 969 385 557 831 969 414 756 646 350 72 894 308 355 651 840 840 774 786 902 161 683
458
685 662 828 535 446 103 370 621 364 726 417 641 324 783 755 204 79 681 801 606 14 703 674 43 134 3 534 792 356 75
21
830 821 58 126 676 401 668 439 607 372 169 423 85 504 150 912 983 190 868 334 832 155 19 501 83 653 407 650 872 606 892 311 809 129 179 959 502 651 904 8 217 765 945 272 32 749 775 10 6 628 190 464 436 445 590 812 447 221 68 28 699 387 555 867 67 354 426 283 305 841 322 357 454
88
150 401 147 980 688 882 59 600 546 291 732 891 585 783 366 672 240 943 940 723 14 943 193 615 920 972 239 948 748 937 740 304 310 771 778 543 282 329 653 745 724 597 725 765 612 22 371 234 300 314 705 58 358 984 395 483 688 853 979 511 218 978 651 680 817 785 269 517 58 496 509 596 597 828 303 540 288 888 899 733 687 234 296 90 888 340 72 849 7 268 12 425
903
809 759 554 903 648 203 128 472 969 849 293 958 376 493 794 235 268 879 977 479 891 332 611 424 870 36 495 60 436 602 725 809 32 214 294 755 354 104 754 689 878 507 983 690 574 234 662 272 875 89 383 606 732 918 300 983 117 119 380 709 565 994 799 704 714 43 271 194 667 455 143 149 718 202 865 618 735 929 673 445 112 883 595 969 951
40
21 934 982 822 357 953 297 454 359 769 758 157 527 747 959 379 839 101 306 476 961 799 24 326 210 179 625 780 506 484 51 143 496 74 188 551 712 993 1000 542
294
825 630 589 579 307 95 850 362 415 505 260 812 287 956 509 241 856 996 550 665 977 681 440 716 229 991 919 945 49 734 748 384 717 877
652
105 311 620 819 256 271 415 711 365 360 732 484 502 58 785 570 987 904 925 423 231 106 203 5 71 366 376 285 424 373 813 299 193 32 417 499 926 382 966 13 754 173 278 909 821
373
218 351 415 709 804 205 883 400 644 527 385 88 957 965 437 305 837 274 675 218 247 850 763 446 899 996 706 102 739 21 13 767 527 386 823 865 492 170 122 23 647 825 584 289 951 842 842 551 798 924 71 424 776 990 548 352 459 120 521 630 261 677 169 931
828
855 128 9 169 523 755 642 682 213 499 911 805 531 723 661 712 403 975 877 225 147 783 736 132 451 745 189 70 459 298 239 86 775 698 379 944 559 391 966 27 169 728 672 756 4 324 54 439 39 652 566 128 373 888 182 497 916 978 689 920 649 369 231 696 795 860 369 943 780 826 988 885 596 623 525 411 144 106 820 711 988 297 522 965 300 537 707 206 273 910 898 366 645 678 654 743 409
334
542 655 32 455 578 823 606 740 569 482 448 345 98 178 144 406 702 468 837 534 620 789 569 476 517 146 254 308 166 14 182 206 976 943 667 580 58 519 290 778 263 696 348 12 903
900
172 807 628 746 95 548 383 342 475 75 696 457 35 506 783 706 383 795 404 602 15 916 258 221 83 749 434 601 640 914 568 909 724 311 155 793 59 178 251 663 302 956 786 19 637 12 45 937 220 434 539 625 940 938 871 130 295 593 597 38 781 732 460 187
541
857 919 909 969 781 757 94 656 779 359 569 601 947 504 993
271
101 433 404 656 93 950 479 284 738 844 37 733 726 183 904 414 328 385 731 471 125 746 696 190 782 913 278 401 300 391 975 798 439 552 573 680 462 586 759 319 910 212 35 767 490 330 956 325 396 439 172 799 886 529 962 738 954
97
267 608 785 68 570 874 942 555 259 438 483 904 568 144 1000 201 822 420 931 158 891 289 994 676 367 43 880 755 632 542 675 619 995 524 99 862 131 176 279 403 397 681 823 63 280 517 252 979 310 376 780 961 567 860 439 52 219 107 483 160 697 936
354
979 90 733 323 881 361 220 970 80 277 677 371 357 983 260 775 366 954 861 48 983 205 317 418 126 79 434 625 960 5 936 686 613 785 896 599 47 977 643 239 665 735 111 43 897 717 290 291 703 842 565 393 830 10 379 641 860 384 543 963 443 34 203 646 234 475 292 771 827 620 28 16 637 580 988 854 176 272 551 842 526 558 30
641
218 547 704 249 307 151 259 552 824 603 931 536 44 405 534 61 963 110 76 670 976 436 550 87 79 714 702 889 769 613 767 251 283 544 257 976 397 181 57 613 72 506 409 604 196 76 899 299
987
802 342 282 567 569 258 880 973 792 38 579 354 886 542 92 23 875 307 800 410 129 874 892 743 918 910 443 408 553 436 471
530
52 664 888 776 296 987 16 375 629 746 31 780 799 35 203 539 647 967 838 576 695 850 157 729 552 256 566 895 787 46 267 44 419 476 209 446 102 882 676 956 180 357 473 504 743 770 286 126 933 289 216 761 120 984 772 588 232 705 527 811 819 605 15 890 731 327 401 481 49 150 658 745 251 789 959 666 80 886 225 898 904 708 22 903 920 465
676
882 441 482 139 550 929 202 170 285 216 42 142 537 70 886 434 541 677 109 549 448 235 549 974 185 330 734 677 522 610 290 927 93 849 846 843 554 220 414 643 362 346 459 329 435 675 959 924 427 700 289 105 440 334 31 763 440 473 21
621
250 296 167 156 867 599 900 912 706 194 14 240 309 966 979 348 26 312 812 277 203 142 129 444 295 76
423
153 438 291 446 944 662 594 626 271 564 384 667 21 529 680 791 357 491 779 402
378
358 76 293 379 31 81 851 159 992 369 481 275 102 729 393 256 721 142 875 846 42 249 669 893 298 64 136 521 706 867 826 458 467 643 92 195 169 470 320 599 314 813 977 442 687 237 486 292 303
726
962 459 654 48 307 85 329 759 703 216 714 935 429 366 987 24 814 480 510 825 723 437 540 596 595 978 225 96 384 304 925 40 874 631 315 940 624 713 835 976 449 947 195 57 816 969 15 627 886 790 971 697 269 194 973 271 446 280 537 896 121 332 342 983 11 624 189 816 280 864 244 537 338 410 725 343 146 842 704 580 192 702 127 949 986
255
355 17 967 636 210 18 349 560 444 745
671
793 306 823 407 136 856 821 143 406 992 936 991 305 143 84 667 300 916 668 16 230 776 108 619 596 548 475 520 88 264 115 913 257 268 806 3 775 472 987 963 783 146 872 734 22 676 408 198 987 568 176
61
63 625 380 98 279 621 738 442 627 290 919 540 853 742 443 362 335 444 960 251 912 261 182 891 811 347 674 78 957 174 351 225 647 911 687 562
741
744 692 258 797 647 572 692 923 69 641 502 975 860 12 269 105 904 247 976 148 420 324 574 229 373 841 23 691 821 472 613 335 704 577 919 864 410 928 250 850 141 113 163 820 859 140 295 802 285 312 243 90 61 955 937 139 956 368 81 778 22 299 929 853 756 961 642 498 112 356 570 605 883 354 285 387 772 250 15 850 144 669 15 258 535 751 150 412 4 271
271
757 757 39 462 461 973 31 63 603 451 99 210 521 797 932 670 440 683 455 489 61 619 440 705 496 382 450 360 478 306 530 650 793 956 321 949 374 73 946 78 854
893
912 832 754 355 659 571 295 865 847 290 573 943 484 634 53 414 650 295 654 402 274 176 75 287 812 658 853 126 636 336 434 895 152 774 195 703 476 411 411 58 422 825 924 691 976 273 424 67 793 166 639 929 842 816 70 579 923 307 991 841 931 125 188 179 406 388 422 399 566 903 63 906 78 494 325 975 392 295 753 920 822 883 830 741 202
571
140 485 407 413 639 779 443 696 247 431 749 789 80 504
272
139 9 476 841 183 758 388 651 465 875 902 929 940 808 741 20
779
190 574 244 533 573 357 403 623 815 799 963 795 692 229 830 698 204 537 674 157 963 979 994 138 863 28 787 488 205 968 588 919 705
112
957 604 607 162 439 656 284 944 613
830
198 436 546 313 400 367 296 325 202 458 861 640 127 55 195 200 162 333 250 698 866 49 838 632 693
951
727 927 363 954 211 280 83 920 123 268 208 829 846 79 867 462 237 264 266 516 431 102 802 551 330 677 172 244 339 565 358 856 587 127 419 546 879
912
236 898 65 320 964 376 455 915 682 454 194 187 766 912 88 776 22 653 245 37 273 614 869 336 374 618 284 274 890 314 403 244 605 60 897 113 348 145 88 126 730 169 3 32 933 452 663 780 110 535 68 121 705 312 302 570 156 780 445 857 551 296 632 511 194 740 188 454 738 315 5 909 213 73 196 762 583 630 644 208 616 553 214 456 697 672
383
180 781 685 658 380 583 738 708 131 837 238 234 975 773 167 921 19 285 243 137 670 406 416 164 711 806 410 410 982 481 988 794
252
108 463 213 649 663 298 376 743 793 345 157 683 92 538 498 128 337 354 303 574 152 392 971 803 294 13 179 121 279 896 269 887 941 810 359 665 517 256 514 245 561 925 85 678 96 701 905
760
18 644 551 909 886 674 11 627 796 74 744 139 819 339 891 573 715 110 102 807 725 915 946 963 760 841 490 28 327 190 894 14 219 280 426 917 716 314 821 294 543 852 596 479 572 353 680 244 12 164 248 876 763 642 700 35 688 917 485 81 69 495 920 344 580 725 573 389 74 849 157 690 603 843 771 354 970 828 36 765
151
528 905 76 602 718 585 845 930 983
84
247 125 723 845 316 391 731 858 775 473 609 208 892 485 385 130 789 200 164 153 109 831 318 541 402 307 474 894 358 272 170 417 266 177 666 965 715 40 189 326 208 306 380 837 296 140 933 892 118 672 237 146 697 867 390 316 465 118 194 105 785 448 700 417 794 850 311 563 746 248 248
608
56 984 778 392 836 413 692 300 8 326 216 321 400 629 535 356 568
447
118 781 642 173 372 678 935 261 129 302 850 288 688 849 540 825 311 240 375 971 754 498 138 795 12 549 923 334 759 90 536 576 591 819 345 580 427 688 356 427 164 262 804 219 536 25 802
152
594 446 249 13 36 969 894 855 527 196 718 201 995 744 444 501 850 449 575 32 563 739 858 730 686 758 146 282 286 617 884 936 533 139 345 678 80 514 605 744 839 401 159 570 712 621 931 48 790 149 172 87 879 669 851 367 590 400 915 703 17 708 602 594 335 292 520
303
233 5 852 142 468 288 496 76 382 976 553 934 817 595 600 135 110 643 1000 772 77 156 487 666 79 787 506 167 62 780 300 749 571 739 134 855 514 742 184 967 922 989 54 822 108 834 745 240 855 24 421 119 716 936 868 140 125 386 962 623 303 108 647
719
822 602 434 180 545 426 372 90 267 271 88 867 341 871 638 233 787 688 656 803 80 777 603 272 413 320 943 90 498 507 627 265 424 905 624 492 527 375 76 769 848 558 240 468 619 40 957 202 52 674 329 185
964
552 778 901 222 811 617 976 473 280 80 19 616 765 626 295 609 761 418 947 758 835 244 744 194 749 937 554 846 109 969 687 144 890 233 104 500 702 754 431 411 608 17 969 119 589 209 264 911 973 364 233 456 52 448 663 233 908 361 991 152 438 118 581 149 560 654 460 168 521 714 177 173 1000 965 451 71 24 367 457 728 684
928
875 380 580 168 82 38 419 350 790 311 777 159 192 891 55 476 76 863 483 283 478 113 761 366 792 605 675 45 393 781 986 546 596 794 638 802 279 898
91
846 597 22 537 386 788 97 342 322 693 865 103 356 241 413 514 104 183 707 495 523 385 581 383 333 373 398 50 600 799 484 557 640 920 577 704 756 425 105 28 523 915 993 141 234 549 177 421 309 867 865 215 765 558 16 249 554 915 386 49 297 56 714 884 41 534 458 794 134 739 922 758 260 562 878 180 665 771 735 209 429
710
564 233 887 4 218 365 862 767 94 886 357 876 959 120 253 438 578
331
872 229 227 388 664 160 764 11 166 486 516 90 194 861 490 991 934 738 571 821 74 710 849 37 510 753 115 517 393 610 386 685 983 292 61 206 570 528 184 150 49 9 330 465 760 507 725 488 884 686 606 48
728
234 38 653 498 647 475 412 336 289 918 634 799 999 329 410 36 895 393 680
329
884 658 869 458 343 621 648 458 87 409 664 178 881 983 560 611 355 471 541 361 207 600 578 379 84 805 288 291 231 598 682 830 457 466 127 740 697 36 345 462 232 918 36 867 103 516 959 175
476
859 989 116 69 663 435 225 305 445 92 789 196 822 994 724 483 969 642 100 360 1000 212 879 932 548 744 606 906 828 860 866 852 818 994 150 319 621 399 857 676 623 854 38 99 373 122 805 687 947 381 154 923 157 456 399 628 602 923 419 728 204 150 927 413 104 354 492 883 114 468 312 309 809 240
912
743 770 258 292 801 709 667 546 285 734 729 182 16 535 560 308 681 977 379 400 499 563 542 631 548 561 972 62 643 876 575 781 887 284 111 449 472 233 776 946 448 682 514 579 472 18 451 850 621 176 630 364 778 639 287 66 180 989 370 566 744 795 634 869 435 630 861 716 662 606 476 658 679 346 366 257 12 133 638 120 110
602
501 256 252 582 63 828 575 796 630 865 295 780 184 218 899 249 709 956 717 405 547 439 471 156 223 353 735 371 124 225 224 490 3 357 122 27 817 167 783 776 141 251 650 437 469 71 143 940 577 903 336 161 763 199 46 223 924 328 550 553 751 356 558 411 745 150 759 81 690
346
629 812 31 446 4 880 985 354 68 310 640 512 732 339 763 516 497 601 275 663 589 679 358 923 926 976 982 574 290 386 57 2 227 861 519 318 536 356 70 777 679 874 118 839 965 324 298
389
227 738 915 309 465 926 879 8 416 879 595 462 626 995 18 868 349 92 924 126 133 599 445 136 859 690 820 594 166 197 104 941 244 203 181 384 719 535 415 702 480 68 132 502 361 918 458 241 116 185 411 468 768 508 459 138 112 184 482 113 143 302 340 995 858 25 886 146 72 371 95 429 521 176
573
258 347 439 247 516 345 313 86 580 302 316 451 785 341 924 419 294 525 304 398 914 733 772 144 225 149 756 221 556 951 765 654 338 186 830 618 879 148 394 145 977 796 895 409 338 216 476 249 795 492 821 176 901 164 524 156 864 814 279 311 635 464 857 972 309 623 12 510 795 254 724 218 477 832 345 353 456 217 482 141 191 611 879 154 74 496 280 127 34 467 766 886 740 73 441 372 547
194
791 452 177 533 638 768 286 645 819 736 213 457 788 701 859 238 525 293 982 686 951 460 927 925 594 934 114 668 337 400
597
492 466 939 872 54 435 890 237 948 34 443 803 379 300 204 60 502
186
242 758 692 869 106 630 581 891 915 93
412
458 688 500 962 51 11 956 187 684 668 769 786 132 949 116 653 591 559 621 626 615 288 401 510 987 933 639 176 942 854 838 597 18 58 269 646 809 491 88 996 589 974 728 756 755 267 215 857 253 508 111 746 135 261 311 709
928
283 516 291 503 630 156 79 660 740 588 268 593 75 428 941 578 164 719 752 329 131 103 502 956 565
259
22 119 921 766 444 213 811 7
996
870 535
525
604 380 661 882 435 178 735 294 493 51 516 194 773 477 283 955 649 293 80 345 703 769 314 201 156 533 833 613 697 344 160 297 87 458 806 628 103 376 848 521 297 377 173 433 5 97
292
875 104 421 726 433 63 283 19 608
930
408 249 642 640 334 648 259 517 469 581 977 926 646 753 514 273 854 851 268 513 149 667 438 213 260 858 384 918 898 737 792 515 915 487 255 180 583 452 480 624 122 437 625 326 280 539 74 270 453 693 126 579 289 907 404 428 954 697 640 757 888
174
91 321 15 444 358 940 871 579 692 265 262 602 107 376 901 928 161 432 731 527 520 865 390 129 77 38 722
465
471 767 211 442 510 673 697 317 437 992 46 761 306 788 635 31 108 259 113 983 258 447 666 922 118 483 816 515 569 36 984 250 774 575 609 32 16 804 989 974 523 970 904 656 984 82 928 353 509 777 180
163
953 920 115 434 134 443 833 914 643 108 972 462 529 145 112 863 988 979 284 67 810 781 443 518 572 707 259 619 131 811 271 264 99 359 717 984 634 461 270 678 418 738 148 753 749 251 843 216 161
119
352 415 124 673 574 22 387 680 246 613 168 558 83 407 821 131 17 445 823 867 598 649 871 732 274 733 536
475
99 878 910 293 660 568 580 817 314 123 373 378 354 260 472 688 75 936 907 240 612 235 280 939 119 167 634 115 744 703 269 771 78 42 805 664 795 401 432 43 549 20 486 400 358 136 166 884 712 207 606 981 818 809 168 229
95
944 979 124 878 475 884 605 290 68
761
669 2 600 321 107 542 99 95 742 403 98 624 679 863 993 967 722 275 426 110 751 97 150 974 844 884 690 147 312 143 394 510 162 785 182 7 160 14 548 608 693 798 250 558 158 877 926 465 148 293 670 1000 318 669 205 273 891 674 582 95 433 903 543 935 790 229 239 463 57 959 579 147 177 420 263 574 233
192
261 832 233 604 372 819 533 782 157 975 451 678 226 551 204 76 257 644 254 600 346 317 703 222 852 53 390 355 905 14 213 481 821 941 756 914 596 701 474 791 591 992 942 965 565 393 33 539 29 984 422 563 165 586 875 383 190 744 157 361 480 850 154 574 519 420 606 71 794
3
242 362 839 336 25 562 785 491 40 22 516 858 459 927 259 966 66 152 460 921 416 987
538
39 811 846 769 432 671 76 699 918 615 925 612 839 559 97 33 357 815 901 600 311 122 102 920 96 622 903 640 896 36 169 468 422 652 665 91 16 437 536 706 527 303 547 164 138 326 722 893 158 641 962 140 348 921 514 192 20 1000 448 927 196
684
498 17 588 7 174 841 181 186 910 308 500 39 603 750 478 593 843 279 474 159 843 905 189 152 445 718 951 947 136 161 593 800 226 312 691 960 493 268 769 96 163 34 506 202 932 154 827
988
769 434 471 755 609 222 212 158 9 789 229 341 237 118 811 877 584 938 792 71 661 325 802 886 278 845 207 814 671 221 651 605 519 838 987 771 829 852 379 319 523 896 242 901 121 280 513 920 104 196 140 453 799 379 901 626 143 206 677 821 549 988 590 192 876 444 352 240 90 751 631 462 685 523 340 605 297 785 498 189 418 599 717 77 929 977 323
683
469 748 792 398 843 495 955 25 565 70 534 847 331 17 845 290 781 189 935 497 462 366 851 641 405 427 755 110 367 876 796 433
275
92 953 862 537 770 848 193 856 130 928 89 230 292 806 60 40 473 209 291 30 932
848
225 170 906 476 34 141 799 906 551 241 81 624 807 809 444 802 960 932 78 350 534 113 247 1000 983 321 519 144 895 556 505 1000 437 508 338 291 662 463 955 732 592 995 457 933 10 403 623 868 947 375 125 230 846 217 884 472 111 326 156 780 623 849 528 44 814 502
173
554 421 654 856 655 192 658 107 963 591 715 731 479 112 446 218 396 815 307 95 577 694 248 642 785 768 141 413 306 552 947 49 853 860 586 980 241 801 448 161 398 140 458 278 683 422 436 479 282 243 828 100 948 635 610 369 45 786 321 385 604 568 388 115 712 609 406 603 834 315 28 703 814 715 340 450
576
319 876 659 538 930 354 92 908 584 145 908 375 689 252 9 485 884 278 69 874 501 97 676 677 384 662 93 11 624 955 902 946 39 931 572 989 620 185 718 154 931 459 141 492 408 737 654 451 537 890 22 125 150 233 223 800 138 79 126 275 146 544 268 846
636
125 711 666 364 951 840 559 597 466 914 368 975 945 221 430 4 63 642 646 179 965 195 662 600 259 790 792 534 474 648 819 621 676 276 818 468 180 973 3 774 664 480 814 886 927 269 389 697 519 879 318 399 459 604 390 755 313 849
360
987 822 731 330 807 827 31 122 689 552 736 496 83 987 69 635 513 843 137 62 555 262 350 432 805 655
972
950 789 14 274 259 606 190 451 345 862 283 731 806 218 924 206 71 332 866 159 705 435 367 513 826 412 877 728 48 221 549 584 197 934 800 205 314 595 792 371 882 320 680 712 39 188 975 480 466 227 411 405 777 709 77 966 669 699 556 628 185 639 968 250 760 649 279 980 542 905 48 495 741 325 682 585 393 274 489 527 893 463 460 472 106 53 799 550 655 581 389 215
436
149 892 651 38 462 594 122 749 971 811 334 1 822 89 144 275 773 116 375 691 520 846 392 984 991 552 266 211 744 89 62 264 482 262 445 205 306 414 46 652 474 176 618 60 750 847 495 813 112 887 253 178 885 154 401 392 72 508 962 135 253 14 585 690 313 918 274 213 706 412
715
481 943 809 759 510 65 878 961 373 615 350 573 836 27 267 747 831 211 665 359 332 733 303 459 968 950 487 481 63 714 526 618 846 648 368 556 218 476 299 221 349 898 5 554 306 376 679 210 485 311 921 699 47 152 342 477 610 969 108 212 746 646 627 71 430 83 219 847 51 644 581 608
579
113 520 571 364 514 227 865 167 236 880 565 624 740 807 204 366 450 727 651 163 522 618 211 497 628 924 276 637 690 783 838 129 420 232 566
890
214 180 221 270 63 583 32 992 876 796 820 840 241 959 36 263 78 524 527 699 899 526 105 85 150 848 354 18 4 967 913 712 900 854 786 347 359 407 153 887 576 666 652 402 456 572 6 561 798 520 336 872 652 120 609 612 22 400 846 88 825 745 868 583 107 733 214 759 783 899 849 468 587 588 878 188 794 179 110 885 16
167
1 492 441 738 252 853 68 106 275 481 383 292 214 717 527 795 161 328 513 864 452 13 402 612 896 777 127 333 424 259 899 838 577 450 758 417 564 852 543 833 907 329 358 413 374 32 557 329 338 141 310 369 805 34 541 127 468 825 839 572 471 942 742 145 873 922 926 532 854 548 494 159 303 848 16 422 324 823 246 151 819 331 453
95
815 505 452 308 772 755 648 11 91 712 626 832 530 837 858 774 499 261 257 898 21 930 909 877 897 901 791 477 645 734 182 695 881 886 79
997
732 149 448 878 214 555 608 299 449 258 319 816 456 702 346 351 372 413 329 751 441 669 866 584 996 967 766 24 513 208 318 79 911 401 13 837 326 548 168 858 438 990 437 823 350 215 509 658 738 330 549 754 328 591 738 245 168 356 977 536 201 175 713 826 694 124 613 120 899 765 465 860 769 586 792 159 438 881 860 4 786 103 590 579 429 610 9 750
99
676 235 449 664 825 267 411 835 170 67 314 969 778 58 92 980 455 13 487 567 171 869 296 573 336 715 608 542 330 436 558 531 772 625 251 766 633 280 833
666
208 364 74 167 172 974 784 158 445 406 93 341 935 677 986 705 959 617 151 602 597 574 976
958
253 175 459 798 457 223 137 507 121 979 954 316 376 215 82 225 394 309 19 941 625 617 62 610 383 260 652 778 635 335 664 260 667 637 342 811 652 302 149 651 877 752 684 9 18 700 268 730 957 774 464 248 272 48 434 388 143 305 242 21 348 252 101 909 462 998 319 242 909 732 670 404 981 158 137 234 751 648 884 759 835 200 376 719 488 81 507 372 681 116 41 530 721 328 377 152
64
1 60 960 877 257 352 563 183 558 729 282 416 248 469 624 808 122 858 656 707 839 872 296 367 620 587 610 228 825 142 889 210 477 71 989 903 876 334 605 8 186 607 543 951 255 128 650 34 169 275 75 409 523 935 478 682 538 890 612 280 163 873 113 995 586 56 487 493 941 951 662 725 212 103 50 290 669 133
259
966 538 715 894 743 247 717 994 501 483 382 175 466 702 905 505 888 370 353 645 288 738 924 715 109 142 168 390 390 553 917 164 125 923 309 578 387 966 724 453 283 212 637 256 783 992 512 307 428 511 764 253 631 127 550 644 77 60 177 422 923 341 555 505 29 322 294 467 543 522 1000 968 299 474 573 841 570 668 631 561 604 680 804 68
955
992 317 454 522 345 800 335 563 452 793 223 979 608 156 635 763 318 58 286 806 616 987 832 1000 158 911 711 154 890 367 768 910 384 421 195 714 796 838 76 199 441 378 297 425 458
777
968 234 497 822 909 722 113 443 319 481 144 480 89 496 975 286 495 110 698 124 582 399 379 214 563 607 428 578 388 91 893 494 679 300 64 714 817 262 189 134 363 167 281 32 199 589 56 11 191 316 824 499 481 784 95 961 593 454 163 273 198 792
916
11 564 347 295 461 47 536 309 575 664 112 760 622 855 192 467 962 372 322 779 967 199 152 617 666 401 431 814 358 110 642 358 216 134 339 16 711 339 609 633 680 156 385 91 398 911 751 455 981 121 550 373 241 779 13 344 21 74 466 330 361 915 573 493 407 434 157 202 140 535 796 299 9 529 937 427
736
441 454 234 284
51
280 188 867 803 430 132 875 113 875 79 957 29 423 777 463 32 130 319 40 174 70 106 369 249 276 544 548 870 706 556 50 708 735 162 87 744 100 192 389 383 373 947 938 825 596 836 298 281 851 194 1 300 537 616 656 362 145 280 148 880 312 326 172 451 816 764 824 896
8
840 378 824 499 895 915 689 617 404 193 560 655
82
846 791 479 519 601 518 657 771 545 353 454 632 364 775 698 735 735 809 81 884 670 178 854 896 488 435 595 624 567 502 184 27 866 33 397 77 125 401 456 353 56 592 186 136 535 913 666 537 73 969 165 593 721 790 580 735 88 234 61 901 140 961 897 823 701 888 773 902 374 245 817 31 834 22 800 33 257 306 970 606 223 338 769 665 140 496 7 413 217 644 284 269 695 80 474 951 120 983 856 407
615
5 757 137 378 239 347 594 107 640 578 642 458 881 822 756 910 950 252 958 318 758 383 415 335 853 813 327 280 841
386
125 676 131 781 143 151 254 826 885 709 327 82 94 678 967 222 703 471 698 62 755 139 95
483
918 115 641 665 254 657 595 675 76 82 649 946 435 246 314 17 475 610 212 834 627 451 967 763 931 756 216 89 162 436 266 728 416 682 970 858 519 247 830 227 93 890 952 245 916 861 177 30 408 845 467 639 701 646 375 852 382 654 897 545 155 65 408 864 34
961
861 608 99 487 65 335 686 439 570 217 11 331 224 132 851 142 252 611 850 164 451 530 719 155 491 504 434 314 688 860 847 778 882 761 682 593 203 729 38 846 577 360 461 896 943 139 115 82 328 488 213 890 748 461 981 91 816 833 964 594 45 29 892 453 636 68 782 186 321 156 915 70 927 942 840 937 693 357 2 356 767 686 511 524 17 721 27 227 469 935 679 347 358 152
497
367 708 552 906 901 76 872 879 381 349 4 245 482 401 997 888 798 790 335 667 763 646 100 505 544 855 291 934 634 823 46 66 82 1 127 552 926 278 589 472 74 548 697 936 749 556 974 86 826 56 108 470 139 892 262 824 290 844 301 170 145 26 889 27 936 576 393 345 270 559 896 239 370 161 243 20 435 994 738 340 472 876 385 387 864 61 241 217 661 173 801 783 734 738 50 743 921
185
446 11 548 303 270 684 74 767 934 978 577 908 717 591 619 264 860 918 910 455 431 658 78 839 44 214 450 82 524 467 586 769 243 776 52 693 747 510 814 918 668 177 651 641 621 521 502 395 293 413 349 660 549 952 380 616 73 175 921 533 709 710 926 606 536 259 261 183 219 756 81 546 853 770 59 922 157 594 541 940 60 465 947 471 485 882 481 695 665 297 844 873 424 261 854 165 895 992 212 636
310
799 652 456 951 766 126 259 661 329 578 885 557 629
964
34 547 39 261 801 116 107 385 24 362 256 10 743 778 462 884 738 636 548 514 134 422 348 813 289 28 961 15 136 542 789 845 971 36 305 733 875 452 578 79 130 399 616 240 879
292
181 179 506 308 766 24 190 307 299 710 324 949 915 255 222 351 576 317 943 455 133 395 689 650 41 361 663 647 613 633 35 977 764
379
381 102 940 765 94 656 871 51 647
255
774 531 515 712 63 386 333 43 927 832 219 981 29 30 157 981 245 759 680 952 368 711 76 142 504 761 351 358 209 335 72 221 531 238 259 615 238 980 146 783 656 435 885 422 182 120 138 176 58 658 687 511 669 358 399 292 562 179 321 374 349 466 475 441 149 332 875 669 334 58 494 635 63 276 869 155 457 829 49 625 112 925 621 487 770 311 25 330 650 22 938 507 520 812 659
555
947 504 842 117 879 719 158 236 174 473 740 888 883 759 593 173 180 621 442 519 487 208 994 623 493 479 147 392 439 332 261 216 915 749 929 250 365 592 136 95 158 51 157 130 222 369 274 794 315 490 114 167 409 938 346 827 429 978 454 106
128
324 27 842 149 93 795 790 566 282 857 608 720 297 306 185 123 928 941 282 456 929 805 312 943 880 447 821 678 317 87 715 230 941 817 70 68 522 574 229 308 53 583
685
753 334 656 890 548 591 533 129 825 993 293 187 104 276 215 858 169 614 686 965 927 609 812 71 147 632 561 520 896 22 822 9 804 184 606 339 365 137 379 935 475 57 369 559 153 148 267 219 116 560 506 630 553 362 639 773 410 908 634 578 545 76 727 538 171 911 683 657 953 700 332 113 181 256 198 603 46 53 65 719 161
346
641 736 851 989 933 415 734 727 124 580 205 910
96
60 947 983 976 795 467 484 75 148 722 216 527 756 904 593 491 99 565 144 883 238 838 516 737 982 825 88 561 556 491 874 827 138 238 290 161 166 745 27 766 726 276 619 896 164 990 247 934 287 623 136 901 395 981 282 404 325 667 82 981 36 582 489 314 856 939 506 738 377 366 504 127 444 587 230 521 23 13 562 28 971 451
216
859 271 494 676 558 937 115 80 891 771 823 581 240 33 548 223 620 646 819 493 548 256 897 164 705 435 624 875 576 567 86 500 13 543 212 358 922 609 722 46 300 717 518 441 621 748 519 223 891 661 623 563 868 904 217 757 710 297 593 490 488 94 710 711 190 338 43 564 742 986 202 655 267 125 886 577 792 470 798 795 472 832 904 113 211 954 156
370
272 41 753 371 549 193 465 946 911 781 57 381 351 733 401 537 984 57 3 697 809 789 741 86 44 552 56 198 346 128 545 82 515 134 140 9 880 487 473 732 741 798 949 328 879 549 401 762 320 741 353 996 282 430 388 764 775 764 433
262
953 593 483 319 711 102 708 902 799 33 231 461 565 39 645 109 145 128 464 442 512 555 153 551 317 618 26 447 90 755 575 100 264 273 204 934 48 515 657 396 978 71 920 347 586 970 857 557 845 298 840 402 496 182 341 544 165 784 88 95 712 868 656 409 483 158 753
141
866 560 872 574 197 886 769 397 726 848 330 718 373 180 703 854 744 866 777 185 762 918
43
84 826 175 911 121 698 858 498 656 703 973 620 309 984 630 224 714 467 701 261 840 888 380 308 72 866 465
38
32 524 202 220 809 696 641 616 156 677 376 904 102 538 474 80 579 714 520 204 161
696
394 999 373 728 867 689 283 135 92 644 759 609 534 462 847 136 163 885 146 527 665 930 439 977 413 806 514 984 845 659 502 912 840 597 294 628 779 224 538 342 905 68 957 220 836 44 394 418 848 200 417 827 475 565 585 27 623 198 212 611 950 877 754 498 953 279 938 224 534 884 358 718 955 110 852 607 2 644 439 814 155 281 320 495 111 919 658
857
678 86 684 553 933 216 291 732 713 649 272 92 180 298 513 755 636 549 901 533 447 530 581 59 935 683 344 498 203 235 971 610 756 580 358 500 419 218 753 818 726 195 171
455
693 639 887 303 893 537 924 368 451 73 500 69 969 160 838 634 9 136 575 160 666 471 675 487 557 48 304 565 558 14
275
819 525 143 462 203 828 366 907 611 478 276 33 159 929 812 936 2 512 72 299 920 995 238 26 140 792 329 970 564 871 167 153 966 424 992 431 398 643 343 503 734 774 395 108 733 945 42 57 225 672 886 160 456 122 59 483 75 318 272 481 353 825 55 345 270 780 512 30 969 129
386
460 585 618 790 20 593 99 145 190 739 615 53 14 425 568 179 206 54 326 741 929 550 5 225 773 250 458 105 296 405 832 984 65 830 472 261 938 903 902 166 494 462 721 352 880 539 404 25 846 143 841 91 357 377 607 630 170 557 383 87 855 779 39 40 354 196 445 400 21 295 61 733 299 946 981 31 842 970 448 962 341 268 348 261 958 537 514 141 303
776
860 927 327 704 128 415 928 906 866 324 15 458 746 603 944 522 107 344 294 21 791 676 144 800 946 407 155 457 37 108 828 114 787 567 721 54 753 727 562 37 463 131 315 618 695 278 89 455 801 206 492 688 214 468 496
663
425 573 294 105 231 594 520 979 587 493 507 352 793 737 247 958 484 490 41 943 476 147 291 470 624 215 181 866 560 654 716 822 854 960 474 216 710 879 657 239 386 401 593 431 503 526 971 85 983 521 964 238 930 605 498 394 477 330 373 217
594
797 346 450 663 320 398 359 126 210 941 514 106 142 767 997 377 181 227 863 489 831 214 485 841 662 731 250 98 679 636 374 710 654 393 151 914 640 803 499 86 700 104 135 823 228 556 635 949 129 747 896 616 16 171 358 118 915 76 594 752 444 674 823 573 592 963 563 520 933 751 324 805 719 940 328 508 1 935 358 910 777 605 179 947 90 904 787 744 906 215 651
620
32 935 2 794 887 56 826 648 458 462 171 631 24 19 488 928 700
168
230 163 187 856 704
965
48 249 657 552 296 943 698 875 683 839 339 200 831 926 140 56 12 164 586 352 157 880 324 936 449 515 232 51 463 529 13 721 369 956 440 386 34 98 318 675 368 92 435 175 189 305 700 369 914 132 954 698 966 422 512 428 411 962 510 419 183 550 523 171 936 575 761 343 964 75 361 754 481 229 908 874 466 6 754 73 587 875 118 856 212 526 162 716 999 247 182 643
311
766 938 861 499 501 450 387 814 378 700 805 219 471 598 451 288 896 600 1 386 609 313 945 320 598 656 514 649 222
837
11 241 917 743 94 505 969 12 483 659 602 785 655 312 202 523 667 224 394 553 209 246 830 296 154 802 94 594 735 58 976 926 898 220 280 65 145 136 853 841 406 482 913 744 435 885 565 6 615 699 233 942 536 886 182 702 216 294 768 713 809 891 365 777 25 550 870 734 244 613 526 842 848 767 733 275 623 888 508 599 478 447 741 636 476 611 976 976 931 314 6 360 447 400 78 396 448 155 786 648
684
263 305 738 951 930 389 826 263 372 403 307 664 696 638 89 501 832 51 811 151 800 797 709 849 447 480 266 791 112 205 948 553 389 340 590 199 156 329 84 542 767 777 159 710 889 139 934 188 321 744 176 979 100 840 702 442 730 134 424 103 313 938 942 985 397 79 815 228 230 213 266 395 980 690 896 332 690 74 605 915 605 274 382
514
584 633 14 491 319 680 677 672 550 818 322 955 80 510 427 502 737 258 61 615 520 254 247 478 118 520 382 412 721 204 810 971 69 798 94 26 151 506 274 437 972 885 20 928 544 854 506 320 132 425 803 692 563 516 978 419 952 235 85 859 272 585 339 843 362 385 744 902 623 559
886
658 504 264 919 860 597 655 793 376 249 30 994
271
680 740 780 241 839 685 995 8 672 567
169
390 571 614 243 514 810 219 431 993 492 981 771 826 506 667 733 250 978 56 746 888 892 335 535 900 568 477 181 326 115 573 841 120 511 510 15 80 857
245
134 619 215 548 21 450 375 661 860 43 927 398 226 714 768 901 516 155 146 774 46 234 754 882 874 770 297 904 98 771 931 363 342 50 643 446 39 192 696 614 767 824 86 440 192 784 675 236 162 912 427 999 579 221 105 172 574 902 824 830 348 830 964 9 613 765 697 704 590 408 754 497 785 238 104 478 460 532 169 169 275 200 323 7 844 901 984 942 538 33 46 965 704 282 934 912 310 688
130
122 324 22 691 393 770 190 874 851 217 821 743 161 71 957 694 953 292 621 998 932 419 452 820 340 160 101 498 226 393 248 342 637 317 908 354 114 977 722 553 706 187 668 733 469 356 451 660 207 498 908 74 741 938 136 871 256 854 134 498 195 660 249 630 946 718 725 219 935 60 140 445 342 772 993
174
737 221 155 554 237 614 263 862 3 312 812 914 341 248 148 149 710 623 470 627 744 741 184 323 304 336 331 631 136 149 451 703 269 78 116 466 53 140 626 164 165 179 989 804 980 653 542 14 267 50 179 149 269 271 494 386 439 217 529 131 253 693 377 61 359 704 777 893 885 369 288 907 587 690 383 347 574 306 344 860 998 536 286 210 461 541 686
130
222 43 97 552 732 325 276 658 848 500 830
112
672 424 540 952 123 75 739 214 163 27 982 644 247 494 568 212 755 790 399 729 355 455 463 967 747 772 287 599 734 856 160 491 464 160 540 611 450 913 957 587 158 390 675 798
874
733 87 447 795 391 603 419 596 365 789 553 997 269 684 914 311 983 631 970 485 878 325 761 299 348 171 802 195 540 697 790 370 683 987 136 885 75 76 169 867 509 628 253 669 268 96 831 976 882 57 561 851 234 441 517 191 490 928 344 477 243 487 843 775 255 546 81 614 865 570 500 54 777 943 49 882 716 186 248 856 341 473 384 462 64 794 943 874 933
42
568 775 866 21 194 646 761 170 873 606 142 620 894 726 606 818 516 691 376 714 235 727 506 736 14 932 86 392 646 439 477 31 449 312 271 585 494 40 226 569 79 31 679 487 883 762 190 306 581 132 193 935 521 522 758 70 137 701 574 249 924 213 33 684 920 443 306 25 80 676 951
798
786 758 784 526 952 720 739 9 955 303 468 119 174 842 835 25 366 791 878 153 311 622 6 11 770 30 903 146 976 800 858 269 130 80 513 907
140
359 441 237 739 581 380 245 303
900
396 494 972 378 932 232 15 10 954 428 277 596 523 821 221 509 454 207 624
69
533 751 182 632 709 175 401 567 878 115 636 29 454 297 976 852 943 665 766 364 508 443 71 466 942 596 728 69 27 920 175 448 691 22 19 607 158 919 521 597 519 934 664 410 23 345 930 321 942 559 704 218 24 309 847 658 912 578 617 942 408 67 653 973 902 467 687 531 364 327 27 382 969 383 697 200 883 903
719
316 862 74 463 251 473 706 602 80 124 622 990 74 119 627 606 734 266 196 646 935 678 839 116 369 828 531 85 987 506 785 210 397 246 981 979 513 532 142 202 526 615 255 34 728 29 919 656 67 185 977 828 802 714 285 8 537 187 799 211 972 660 411 233 673 974 677 804 930 471 818 275 858 502 167 450 446 981 486
540
594 274 234 862 612 302 828 783 870 741 209 649 170 942 31 954 76 521 593 442 645 625 581 532 639 984 778 598 936 565 309 233 960 451 75 665 16 976 603 524 867 247 548 4 741 283 37 987 151 873 233 114 36 679 28 348 582 811 937 533
46
278 266 21 350 162 526 363 874 69 193 306 855 668 465 929 484 151 246 839 251 587 150 609 34 623 163 877 164 171 621 56 662 502 776 122 623 108 40 211 279 513 232 249 531 73 614 68 413 114 763 416 901 310 576 797 178 977 514 2 810 335 476 43 181 212 688 234 993 384 676 697 912 316 333 11 606 192
100
917 775 644 257 797 446 645 150 898 162 230 73 254 387 829 71 904 511 314 572 400 723 830 278 848 902 440 376 339 483 442 39 824 511 415 338 218 296 350 632 691 227 495 973 38 830 232 514 216 611 890 572 433 328 56
302
392 751 431 682 431 393 630 736 820 226 746 433 475 670 954 116 556 971 542 638 922 205 664 380 555 170 109 332 277 714 772 915 553 283 162 160 7 803 507 645 714 525 117 702 654 879 795 888 145 749 10 326 947 785 636 505 130 206 680 616 688 577 565 481 105 431 846 97 390 54 453 245 264 353 268 423
256
415 41 372 674 706 128 831 978 555 732 226 299 560 772 138 232 9 150 426 643 714 329 892 143
632
774 371 411 815 82 915 961 990 372 582 854 306 866 261 367 202 696 936 4 792 135 75 286 541
402
273 838 677 352 647 594 247 214 693 725 485 481 41 539 53 383 911 44 169 953 574 570 790 159 139 319 832 385 348 387 940 50 769 297 137
39
625 859 769 698 137 795 708 977 456 277 126 431 748 396 106 345 876 492 215 672 876 71 849 515 44 448 387 57 619 61 266 816 759 894 153 395 199 627 145
452
236 209 321 712 180 845 557 675 974 220 939 952 274 845 340 945 181 166 483 282 97 848 166 911 600
220
284 348 65 289 882 637 862 954
29
