20
50
1 11 6 15
212
9 18 13
482
14
361
1 2 3 5 13 20
97
8 17 20 12
830
1 5 17 18 19
571
3 7 12 17 19
355
2 4 13
20
2 9 12 16 19
24
15
145
1 4
138
17 20 7
853
4 5 7 16 17
87
1 11 14 17
759
3 11 12 13
656
8 10 13 18 20
217
1 12 5
870
11 3 20 4
392
2 12 15
660
2 7 10 11 15
57
2 20 6 7
997
1 4
970
3 12 14 15 18
648
9 10 20 7
125
16 20 5 6
167
3
737
8 2 5 14
847
1 10
714
1 5 8 11 16
841
3 6 7
338
17 11
484
18 11 5
141
2 3 5 8 17
265
16
747
16 8 4 20
787
5
237
1 19
225
4
970
2 9 10 19 20
90
17 3 7 15
761
8 18
568
8 10 13
810
10 13 5 15
327
17 19
797
10
777
2 7
386
16 4 14
765
20
84
7 8 12 13 15 17
374
20
855
